.GMS 1.00

Model "model-0" {
	BoundingBox -70.922066 -0.004547 -15.674133 63.357983 180.913666 21.039551
	Bone "sanada_root_Bone" {
		RotateQ 0.000000 0.000000 -1.000000 0.000000
	}
	Bone "Bip01_Bone" {
		ParentBone "sanada_root_Bone"
		Translate 0.000002 -96.668404 3.437557
		RotateQ 0.000000 0.707106 0.000000 0.707107
		Scale 1.000000 1.000000 1.000000
	}
	Bone "Bip01 Footsteps_Bone" {
		ParentBone "Bip01_Bone"
		Translate 0.000000 96.387878 0.000000
		RotateQ 0.000000 -0.707106 0.000000 0.707107
		Scale 1.000000 1.000000 1.000000
	}
	Bone "Bip01 Footsteps_Bone_end" {
		ParentBone "Bip01 Footsteps_Bone"
		Translate 0.000000 52.094879 0.000000
		RotateQ 0.000000 0.000000 0.000000 1.000000
		Scale 1.000000 1.000000 1.000000
	}
	Bone "Bip01 Pelvis_Bone" {
		ParentBone "Bip01_Bone"
		Translate 0.489135 7.786522 -0.000003
		RotateQ -0.499998 0.499999 -0.500002 0.500001
		Scale 1.000000 1.000000 1.000000
	}
	Bone "Bip01 Spine_Bone" {
		ParentBone "Bip01 Pelvis_Bone"
		Translate 0.048409 0.000000 -0.000131
		RotateQ -0.000003 -0.000399 0.000000 1.000000
		Scale 1.000000 1.000000 1.000000
	}
	Bone "Bip01 Spine1_Bone" {
		ParentBone "Bip01 Spine_Bone"
		Translate 0.169891 0.000000 -0.014352
		RotateQ 0.000000 0.000000 0.000000 1.000000
		Scale 1.000000 1.000000 1.000000
	}
	Bone "Bip01 Spine2_Bone" {
		ParentBone "Bip01 Spine1_Bone"
		Translate 18.023094 0.000000 -0.013069
		RotateQ 0.000000 0.031374 0.000000 0.999508
		Scale 1.000000 1.000000 1.000000
		BlindData "per3Helper" 0 3.449643 -0.471164 1.509744 0.455111 -0.455112 0.541178 0.541178 0.000000 0.000000
	}
	Bone "Bip01 Spine3_Bone" {
		ParentBone "Bip01 Spine2_Bone"
		Translate 16.447250 0.000002 -0.014446
		RotateQ 0.000000 -0.005055 0.000000 0.999987
		Scale 1.000000 1.000000 1.000000
	}
	Bone "Bip01 Neck_Bone" {
		ParentBone "Bip01 Spine3_Bone"
		Translate 21.379150 0.000000 -0.986304
		RotateQ 0.000000 -0.035712 0.000000 0.999362
		Scale 1.000000 1.000000 1.000000
	}
	Bone "Bip01 Neck1_Bone" {
		ParentBone "Bip01 Neck_Bone"
		Translate 0.607651 0.000000 -0.003998
		RotateQ 0.000000 -0.063947 0.000000 0.997953
		Scale 0.999999 1.000000 1.000000
	}
	Bone "Bip01 Head_Bone" {
		ParentBone "Bip01 Neck1_Bone"
		Translate 5.062546 0.000000 -0.000006
		RotateQ 0.000000 0.039724 0.000000 0.999211
		Scale 0.999999 1.000000 1.000000
		BlindData "per3Helper" 2 35.126049 -0.000029 4.693815 -0.525483 0.525482 -0.473147 -0.473147 0.000000 0.000000
		BlindData "per3Helper" 3 26.929523 3.262863 -10.894352 -0.712803 0.482301 0.424436 0.281339 0.000000 0.000000
	}
	Bone "Bip01 HeadNub_Bone" {
		ParentBone "Bip01 Head_Bone"
		Translate 30.164276 0.000000 -0.000004
		RotateQ 0.000000 0.000000 0.000000 1.000000
		Scale 0.999999 1.000000 1.000000
	}
	Bone "Bip01 HeadNub_Bone_end" {
		ParentBone "Bip01 HeadNub_Bone"
		Translate 0.000000 21.009304 0.000000
		RotateQ 0.000000 0.000000 0.000000 1.000000
		Scale 0.999999 1.000000 1.000000
	}
	Bone "b mouth01_Bone" {
		ParentBone "Bip01 Head_Bone"
		Translate 5.279785 -0.000059 4.142358
		RotateQ 0.000001 -0.826096 0.000000 0.563530
		Scale 1.000000 1.000000 0.999999
	}
	Bone "b mouth02_Bone" {
		ParentBone "b mouth01_Bone"
		Translate 9.046219 0.000001 -0.000015
		RotateQ 0.000000 0.000000 0.000000 1.000000
		Scale 1.000000 1.000000 0.999999
	}
	Bone "b mouth02_Bone_end" {
		ParentBone "b mouth02_Bone"
		Translate 0.000004 9.046218 0.000015
		RotateQ 0.000000 0.000000 0.000000 1.000000
		Scale 1.000000 1.000000 0.999999
	}
	Bone "b maegami01_Bone" {
		ParentBone "Bip01 Head_Bone"
		Translate 23.476944 0.406176 11.516836
		RotateQ -0.168735 -0.671025 0.657078 0.299171
		Scale 0.999999 0.999999 1.000000
	}
	Bone "b maegami02_Bone" {
		ParentBone "b maegami01_Bone"
		Translate 8.985176 -0.000002 0.000015
		RotateQ 0.000000 0.000000 0.000000 1.000000
		Scale 0.999999 0.999999 0.999999
	}
	Bone "b maegami02_Bone_end" {
		ParentBone "b maegami02_Bone"
		Translate 0.000008 8.985190 -0.000008
		RotateQ 0.000000 0.000000 0.000000 1.000000
		Scale 0.999999 0.999998 0.999999
	}
	Bone "Bip01 L Clavicle_Bone" {
		ParentBone "Bip01 Neck_Bone"
		Translate -3.256958 -5.009108 -1.193731
		RotateQ 0.561176 -0.826629 -0.038079 0.017764
		Scale 1.000000 0.999999 1.000000
	}
	Bone "Bip01 L UpperArm_Bone" {
		ParentBone "Bip01 L Clavicle_Bone"
		Translate 10.837059 0.000000 0.000002
		RotateQ 0.040496 -0.020401 0.153750 0.987069
		Scale 1.000000 0.999999 1.000000
	}
	Bone "Bip01 L Forearm_Bone" {
		ParentBone "Bip01 L UpperArm_Bone"
		Translate 25.012466 -0.000015 -0.000004
		RotateQ 0.000000 0.141067 0.000000 0.990000
		Scale 1.000000 0.999999 1.000000
	}
	Bone "Bip01 L Hand_Bone" {
		ParentBone "Bip01 L Forearm_Bone"
		Translate 26.535273 0.000000 -0.000001
		RotateQ -0.694504 -0.020913 -0.014201 0.719045
		Scale 1.000000 1.000000 0.999999
		BlindData "per3Helper" 501 8.851335 -0.819122 2.125922 0.109165 0.080130 0.033408 0.990225 0.000000 0.000000
	}
	Bone "Bip01 L Finger0_Bone" {
		ParentBone "Bip01 L Hand_Bone"
		Translate 9.332621 0.000005 0.000008
		RotateQ -0.000390 -0.202479 0.000081 0.979286
		Scale 1.000000 1.000000 1.000000
	}
	Bone "Bip01 L Finger0Nub_Bone" {
		ParentBone "Bip01 L Finger0_Bone"
		Translate 2.680668 0.000000 0.000000
		RotateQ 0.000000 0.000000 0.000000 1.000000
		Scale 1.000000 1.000000 1.000000
	}
	Bone "Bip01 L Finger0Nub_Bone_end" {
		ParentBone "Bip01 L Finger0Nub_Bone"
		Translate 0.000008 2.680675 0.000008
		RotateQ 0.000000 0.000000 0.000000 1.000000
		Scale 1.000000 1.000000 1.000000
	}
	Bone "gun_Bone" {
		ParentBone "Bip01 L Hand_Bone"
		Translate 15.071185 6.137506 1.408875
		RotateQ 0.747488 0.044685 -0.655882 0.095315
		Scale 0.999994 1.000000 0.999999
	}
	Bone "gun_Bone_end" {
		ParentBone "gun_Bone"
		Translate 0.000000 12.833250 -0.000002
		RotateQ 0.000000 0.000000 0.000000 1.000000
		Scale 0.999989 1.000000 0.999998
	}
	Bone "Bip01 R Clavicle_Bone" {
		ParentBone "Bip01 Neck_Bone"
		Translate -3.256958 5.009119 -1.193704
		RotateQ -0.561176 -0.826629 0.038077 0.017766
		Scale 1.000000 0.999999 1.000000
	}
	Bone "Bip01 R UpperArm_Bone" {
		ParentBone "Bip01 R Clavicle_Bone"
		Translate 10.837048 0.000000 0.000006
		RotateQ -0.040497 -0.020401 -0.153750 0.987069
		Scale 1.000000 1.000000 1.000000
	}
	Bone "Bip01 R Forearm_Bone" {
		ParentBone "Bip01 R UpperArm_Bone"
		Translate 25.012466 0.000000 0.000000
		RotateQ 0.000000 0.141067 0.000000 0.990000
		Scale 1.000000 1.000000 1.000000
	}
	Bone "Bip01 R Hand_Bone" {
		ParentBone "Bip01 R Forearm_Bone"
		Translate 26.535294 0.000008 0.000000
		RotateQ 0.694504 -0.020913 0.014201 0.719045
		Scale 1.000000 1.000000 0.999999
		BlindData "per3Helper" 500 8.856196 1.363853 2.164024 -0.029573 0.080466 0.060606 0.994474 0.000000 0.000000
	}
	Bone "Bip01 R Finger0_Bone" {
		ParentBone "Bip01 R Hand_Bone"
		Translate 9.332649 0.000004 0.000000
		RotateQ 0.000389 -0.202480 -0.000080 0.979286
		Scale 1.000000 0.999999 1.000000
	}
	Bone "Bip01 R Finger0Nub_Bone" {
		ParentBone "Bip01 R Finger0_Bone"
		Translate 2.680676 -0.000001 0.000000
		RotateQ 0.000000 -1.000000 0.000000 0.000000
		Scale 1.000000 0.999999 0.999999
	}
	Bone "Bip01 R Finger0Nub_Bone_end" {
		ParentBone "Bip01 R Finger0Nub_Bone"
		Translate 0.000004 2.680670 0.000008
		RotateQ 0.000000 0.000000 0.000000 1.000000
		Scale 1.000000 0.999999 0.999999
	}
	Bone "b ribbon01_Bone" {
		ParentBone "Bip01 Spine3_Bone"
		Translate 21.946960 -0.000032 6.099903
		RotateQ 0.000000 -0.976230 -0.000001 0.216739
		Scale 1.000000 1.000000 1.000000
	}
	Bone "b ribbon02_Bone" {
		ParentBone "b ribbon01_Bone"
		Translate 18.573166 0.000002 -0.000023
		RotateQ 0.000000 0.000000 0.000000 1.000000
		Scale 1.000000 1.000000 1.000000
	}
	Bone "b ribbon02_Bone_end" {
		ParentBone "b ribbon02_Bone"
		Translate 0.000000 18.573177 0.000000
		RotateQ 0.000000 0.000000 0.000000 1.000000
		Scale 1.000000 1.000000 1.000000
	}
	Bone "Bip01 L Thigh_Bone" {
		ParentBone "Bip01 Spine_Bone"
		Translate -0.048386 -7.464901 0.000153
		RotateQ 0.018201 -0.000015 -0.999824 0.004563
		Scale 0.999999 1.000000 1.000000
	}
	Bone "Bip01 L Calf_Bone" {
		ParentBone "Bip01 L Thigh_Bone"
		Translate 32.407215 0.000000 0.000000
		RotateQ 0.000000 0.015018 0.000000 0.999887
		Scale 0.999999 1.000000 1.000000
	}
	Bone "Bip01 L Foot_Bone" {
		ParentBone "Bip01 L Calf_Bone"
		Translate 46.238396 0.000005 -0.000001
		RotateQ 0.000050 -0.033613 -0.004563 0.999425
		Scale 0.999999 1.000000 1.000000
	}
	Bone "Bip01 L Toe0_Bone" {
		ParentBone "Bip01 L Foot_Bone"
		Translate 9.977539 0.000000 12.648184
		RotateQ 0.000000 -0.707105 0.000000 0.707108
		Scale 1.000000 1.000000 0.999999
	}
	Bone "Bip01 L Toe0Nub_Bone" {
		ParentBone "Bip01 L Toe0_Bone"
		Translate 9.747000 0.000000 0.000003
		RotateQ 0.000000 1.000000 0.000000 0.000000
		Scale 1.000000 1.000000 0.999999
	}
	Bone "Bip01 L Toe0Nub_Bone_end" {
		ParentBone "Bip01 L Toe0Nub_Bone"
		Translate 0.000000 9.747001 0.000000
		RotateQ 0.000000 0.000000 0.000000 1.000000
		Scale 1.000000 1.000000 0.999999
	}
	Bone "Bip01 R Thigh_Bone" {
		ParentBone "Bip01 Spine_Bone"
		Translate -0.048393 7.464900 0.000194
		RotateQ -0.018201 -0.000018 0.999824 0.004563
		Scale 1.000000 1.000000 1.000000
	}
	Bone "Bip01 R Calf_Bone" {
		ParentBone "Bip01 R Thigh_Bone"
		Translate 32.407207 0.000001 -0.000004
		RotateQ 0.000000 0.015018 0.000000 0.999887
		Scale 1.000000 1.000000 1.000000
	}
	Bone "Bip01 R Foot_Bone" {
		ParentBone "Bip01 R Calf_Bone"
		Translate 46.238384 0.000002 0.000001
		RotateQ -0.000050 -0.033613 0.004563 0.999425
		Scale 1.000000 1.000000 1.000000
	}
	Bone "Bip01 R Toe0_Bone" {
		ParentBone "Bip01 R Foot_Bone"
		Translate 9.977547 -0.000002 12.648184
		RotateQ 0.000000 -0.707106 0.000000 0.707108
		Scale 1.000000 1.000000 1.000000
	}
	Bone "Bip01 R Toe0Nub_Bone" {
		ParentBone "Bip01 R Toe0_Bone"
		Translate 9.747000 0.000000 0.000002
		RotateQ 0.000000 0.000000 0.000000 1.000000
		Scale 1.000000 1.000000 1.000000
	}
	Bone "Bip01 R Toe0Nub_Bone_end" {
		ParentBone "Bip01 R Toe0Nub_Bone"
		Translate 0.000000 9.747000 0.000000
		RotateQ 0.000000 0.000000 0.000000 1.000000
		Scale 1.000000 1.000000 1.000000
	}
	Bone "sanada_body_Bone" {
		ParentBone "sanada_root_Bone"
		Translate -0.000003 -161.541519 2.703644
		RotateQ 0.000000 0.000000 0.000000 1.000000
	}
	Bone "sanada_body_Bone_end" {
		ParentBone "sanada_body_Bone"
		Translate 0.000000 1.000000 0.000000
		RotateQ 0.000000 0.000000 0.000000 1.000000
	}
	Bone "sanada_body_3_split_1_Part.001" {
		BoundingBox 1.580490 0.114159 -12.924538 13.862556 60.759789 17.160858
		BlendBones 4 "Bip01 R Thigh_Bone" "Bip01 R Calf_Bone" "Bip01 R Foot_Bone" "Bip01 R Toe0_Bone"
		BlendOffsets 4 \
		0.009126 -0.999958 0.000128 0.000000 \
		-0.999267 -0.009124 -0.037192 0.000000 \
		0.037191 0.000212 -0.999308 0.000000 \
		88.638931 8.274916 6.251082 1.000000 \
		0.009118 -0.999958 0.000402 0.000000 \
		-0.997699 -0.009124 -0.067186 0.000000 \
		0.067187 0.000212 -0.997741 0.000000 \
		56.018616 8.274920 7.937053 1.000000 \
		0.000000 -1.000000 -0.000004 0.000000 \
		-1.000000 0.000000 0.000001 0.000000 \
		-0.000001 0.000004 -1.000000 0.000000 \
		10.366466 8.182179 7.260294 1.000000 \
		-0.000004 -0.999999 0.001747 0.000000 \
		-0.000002 0.001747 0.999999 0.000000 \
		-1.000000 0.000004 -0.000002 0.000000 \
		-5.387893 8.181489 -0.403217 1.000000
		DrawPart "sanada_body_3_split_1_Part.001"
	}
	Bone "sanada_body_3_Part.001" {
		BoundingBox -15.286987 0.114159 -12.924538 15.287044 108.927353 17.160858
		BlendBones 6 "Bip01 Spine1_Bone" "Bip01 L Thigh_Bone" "Bip01 L Calf_Bone" "Bip01 L Foot_Bone" "Bip01 L Toe0_Bone" "Bip01 R Thigh_Bone"
		BlendOffsets 6 \
		0.000000 1.000000 -0.000002 0.000000 \
		1.000000 0.000000 -0.000796 0.000000 \
		-0.000796 -0.000002 -1.000000 0.000000 \
		-89.097824 0.000005 3.033713 1.000000 \
		-0.009125 -0.999958 -0.000137 0.000000 \
		-0.999267 0.009124 -0.037192 0.000000 \
		0.037192 -0.000203 -0.999308 0.000000 \
		88.638962 -8.274964 6.251087 1.000000 \
		-0.009117 -0.999958 -0.000411 0.000000 \
		-0.997699 0.009124 -0.067186 0.000000 \
		0.067187 -0.000203 -0.997741 0.000000 \
		56.018635 -8.274970 7.937042 1.000000 \
		0.000000 -1.000000 -0.000005 0.000000 \
		-1.000000 0.000000 0.000001 0.000000 \
		-0.000001 0.000005 -1.000000 0.000000 \
		10.366453 -8.182239 7.260286 1.000000 \
		-0.000005 -1.000000 -0.000657 0.000000 \
		-0.000003 -0.000657 1.000000 0.000000 \
		-1.000000 0.000005 -0.000003 0.000000 \
		-5.387902 -8.181982 -0.394300 1.000000 \
		0.009126 -0.999958 0.000128 0.000000 \
		-0.999267 -0.009124 -0.037192 0.000000 \
		0.037191 0.000212 -0.999308 0.000000 \
		88.638931 8.274916 6.251082 1.000000
		DrawPart "sanada_body_3_Part.001"
	}
	Bone "sanada_body_0_Part" {
		BoundingBox -7.894009 159.521515 -9.371605 7.905106 165.796432 -5.136787
		BlendBones 1 "Bip01 Head_Bone"
		BlendOffsets 1 \
		0.000000 1.000000 -0.000001 0.000000 \
		0.997682 0.000000 -0.068049 0.000000 \
		-0.068049 -0.000001 -0.997682 0.000000 \
		-149.740814 0.000005 15.560877 1.000000
		DrawPart "sanada_body_0_Part"
	}
	Bone "sanada_body_1_split_3_Part" {
		BoundingBox 30.881870 94.784615 -5.288628 63.357983 126.043289 13.331860
		BlendBones 3 "Bip01 R UpperArm_Bone" "Bip01 R Forearm_Bone" "Bip01 R Hand_Bone"
		BlendOffsets 3 \
		0.771288 0.635410 -0.037016 0.000000 \
		-0.634304 0.772154 0.037911 0.000000 \
		0.052671 -0.005761 0.998595 0.000000 \
		75.254242 -115.788132 -12.215853 1.000000 \
		0.750929 0.635410 0.179888 0.000000 \
		-0.619648 0.772154 -0.140767 0.000000 \
		-0.228346 -0.005761 0.973563 0.000000 \
		51.654198 -115.788132 2.303534 1.000000 \
		0.753447 0.164602 -0.636573 0.000000 \
		-0.632527 -0.082887 -0.770091 0.000000 \
		-0.179522 0.982872 0.041664 0.000000 \
		26.200363 -2.987331 115.532570 1.000000
		DrawPart "sanada_body_1_split_3_Part"
	}
	Bone "sanada_body_1_Part" {
		BoundingBox -12.876953 -0.004547 -10.437210 12.476717 172.457840 13.072357
		BlendBones 3 "Bip01 Head_Bone" "Bip01 L Foot_Bone" "Bip01 L Toe0_Bone"
		BlendOffsets 3 \
		0.000000 1.000000 -0.000001 0.000000 \
		0.997682 0.000000 -0.068049 0.000000 \
		-0.068049 -0.000001 -0.997682 0.000000 \
		-149.740814 0.000005 15.560877 1.000000 \
		0.000000 -1.000000 -0.000005 0.000000 \
		-1.000000 0.000000 0.000001 0.000000 \
		-0.000001 0.000005 -1.000000 0.000000 \
		10.366453 -8.182239 7.260286 1.000000 \
		-0.000005 -1.000000 -0.000657 0.000000 \
		-0.000003 -0.000657 1.000000 0.000000 \
		-1.000000 0.000005 -0.000003 0.000000 \
		-5.387902 -8.181982 -0.394300 1.000000
		DrawPart "sanada_body_1_Part"
	}
	Bone "sanada_body_1_split_2_Part" {
		BoundingBox -63.355164 -0.004547 -10.335068 12.877009 126.043289 13.331860
		BlendBones 5 "Bip01 L UpperArm_Bone" "Bip01 L Forearm_Bone" "Bip01 L Hand_Bone" "Bip01 R Foot_Bone" "Bip01 R Toe0_Bone"
		BlendOffsets 5 \
		-0.771287 0.635410 0.037026 0.000000 \
		-0.634304 -0.772154 0.037911 0.000000 \
		0.052679 0.005754 0.998595 0.000000 \
		75.254143 115.788261 -12.215780 1.000000 \
		-0.750932 0.635410 -0.179878 0.000000 \
		-0.619648 -0.772154 -0.140767 0.000000 \
		-0.228339 0.005755 0.973565 0.000000 \
		51.654125 115.788254 2.303593 1.000000 \
		-0.753449 0.164592 0.636573 0.000000 \
		-0.632527 0.082887 -0.770091 0.000000 \
		-0.179514 -0.982873 0.041658 0.000000 \
		26.200274 2.987309 115.532677 1.000000 \
		0.000000 -1.000000 -0.000004 0.000000 \
		-1.000000 0.000000 0.000001 0.000000 \
		-0.000001 0.000004 -1.000000 0.000000 \
		10.366466 8.182179 7.260294 1.000000 \
		-0.000004 -0.999999 0.001747 0.000000 \
		-0.000002 0.001747 0.999999 0.000000 \
		-1.000000 0.000004 -0.000002 0.000000 \
		-5.387893 8.181489 -0.403217 1.000000
		DrawPart "sanada_body_1_split_2_Part"
	}
	Bone "sanada_body_3_split_2_Part" {
		BoundingBox -4.376959 146.104828 0.312706 4.379775 154.350830 10.811398
		BlendBones 3 "Bip01 Spine3_Bone" "Bip01 Neck1_Bone" "Bip01 Head_Bone"
		BlendOffsets 3 \
		0.000000 1.000000 -0.000002 0.000000 \
		0.998656 0.000000 0.051829 0.000000 \
		0.051829 -0.000002 -0.998656 0.000000 \
		-123.579109 0.000003 -2.413919 1.000000 \
		0.000000 1.000000 -0.000001 0.000000 \
		0.989132 0.000000 -0.147034 0.000000 \
		-0.147034 -0.000001 -0.989132 0.000000 \
		-142.970383 0.000005 27.398849 1.000000 \
		0.000000 1.000000 -0.000001 0.000000 \
		0.997682 0.000000 -0.068049 0.000000 \
		-0.068049 -0.000001 -0.997682 0.000000 \
		-149.740814 0.000005 15.560877 1.000000
		DrawPart "sanada_body_3_split_2_Part"
	}
	Bone "gun_0_Part" {
		BoundingBox -70.922066 87.361267 -15.674133 -54.256111 105.385452 7.357841
		BlendBones 1 "gun_Bone"
		BlendOffsets 1 \
		-0.741389 -0.252086 0.621934 0.000000 \
		0.671032 -0.266986 0.691693 0.000000 \
		-0.008319 0.930146 0.367097 0.000000 \
		-111.181076 14.787837 -24.046518 1.000000
		DrawPart "gun_0_Part"
	}
	Bone "sanada_body_2_Part" {
		BoundingBox -12.620216 151.615051 -10.878914 14.014391 180.913666 17.591518
		BlendBones 4 "Bip01 Spine3_Bone" "Bip01 Neck1_Bone" "Bip01 Head_Bone" "b maegami01_Bone"
		BlendOffsets 4 \
		0.000000 1.000000 -0.000002 0.000000 \
		0.998656 0.000000 0.051829 0.000000 \
		0.051829 -0.000002 -0.998656 0.000000 \
		-123.579109 0.000003 -2.413919 1.000000 \
		0.000000 1.000000 -0.000001 0.000000 \
		0.989132 0.000000 -0.147034 0.000000 \
		-0.147034 -0.000001 -0.989132 0.000000 \
		-142.970383 0.000005 27.398849 1.000000 \
		0.000000 1.000000 -0.000001 0.000000 \
		0.997682 0.000000 -0.068049 0.000000 \
		-0.068049 -0.000001 -0.997682 0.000000 \
		-149.740814 0.000005 15.560877 1.000000 \
		0.619608 0.079556 -0.780869 0.000000 \
		-0.774511 -0.099443 -0.624695 0.000000 \
		-0.127350 0.991858 0.000002 0.000000 \
		132.822327 24.869827 108.446465 1.000000
		DrawPart "sanada_body_2_Part"
	}
	Bone "SK_PC0004_C052.001" {
		BoundingBox -27.182564 123.368225 0.033882 11.899744 145.127563 14.193176
		BlendBones 5 "Bip01 Spine1_Bone" "Bip01 Spine2_Bone" "Bip01 Neck_Bone" "Bip01 L Clavicle_Bone" "Bip01 L UpperArm_Bone"
		BlendOffsets 5 \
		0.000000 1.000000 -0.000002 0.000000 \
		1.000000 0.000000 -0.000796 0.000000 \
		-0.000796 -0.000002 -1.000000 0.000000 \
		-89.097824 0.000005 3.033713 1.000000 \
		0.000000 1.000000 -0.000002 0.000000 \
		0.998081 0.000000 0.061922 0.000000 \
		0.061922 -0.000002 -0.998081 0.000000 \
		-107.101135 0.000005 -3.677502 1.000000 \
		0.000000 1.000000 -0.000002 0.000000 \
		0.999808 0.000000 -0.019586 0.000000 \
		-0.019586 -0.000002 -0.999808 0.000000 \
		-144.690430 0.000003 8.923010 1.000000 \
		-0.929122 0.367263 0.043019 0.000000 \
		-0.369199 -0.927862 -0.052576 0.000000 \
		0.020606 -0.064732 0.997690 0.000000 \
		47.474842 133.704544 0.332735 1.000000 \
		-0.771287 0.635410 0.037026 0.000000 \
		-0.634304 -0.772154 0.037911 0.000000 \
		0.052679 0.005754 0.998595 0.000000 \
		75.254143 115.788261 -12.215780 1.000000
		DrawPart "SK_PC0004_C052.001"
	}
	Bone "SK_PC0004_C052.002" {
		BoundingBox -39.310036 97.423782 -4.592941 39.310089 149.619110 15.554169
		BlendBones 9 "Bip01 Pelvis_Bone" "Bip01 Spine_Bone" "Bip01 Spine2_Bone" "Bip01 Spine3_Bone" "Bip01 Neck_Bone" "Bip01 L Clavicle_Bone" "Bip01 L UpperArm_Bone" "Bip01 R Clavicle_Bone" "Bip01 R UpperArm_Bone"
		BlendOffsets 9 \
		0.000000 1.000000 -0.000008 0.000000 \
		1.000000 0.000000 0.000002 0.000000 \
		0.000002 -0.000008 -1.000000 0.000000 \
		-88.881912 0.000023 2.948227 1.000000 \
		0.000000 1.000000 -0.000002 0.000000 \
		1.000000 0.000000 -0.000796 0.000000 \
		-0.000796 -0.000002 -1.000000 0.000000 \
		-88.927933 0.000004 3.019361 1.000000 \
		0.000000 1.000000 -0.000002 0.000000 \
		0.998081 0.000000 0.061922 0.000000 \
		0.061922 -0.000002 -0.998081 0.000000 \
		-107.101135 0.000005 -3.677502 1.000000 \
		0.000000 1.000000 -0.000002 0.000000 \
		0.998656 0.000000 0.051829 0.000000 \
		0.051829 -0.000002 -0.998656 0.000000 \
		-123.579109 0.000003 -2.413919 1.000000 \
		0.000000 1.000000 -0.000002 0.000000 \
		0.999808 0.000000 -0.019586 0.000000 \
		-0.019586 -0.000002 -0.999808 0.000000 \
		-144.690430 0.000003 8.923010 1.000000 \
		-0.929122 0.367263 0.043019 0.000000 \
		-0.369199 -0.927862 -0.052576 0.000000 \
		0.020606 -0.064732 0.997690 0.000000 \
		47.474842 133.704544 0.332735 1.000000 \
		-0.771287 0.635410 0.037026 0.000000 \
		-0.634304 -0.772154 0.037911 0.000000 \
		0.052679 0.005754 0.998595 0.000000 \
		75.254143 115.788261 -12.215780 1.000000 \
		0.929122 0.367264 -0.043009 0.000000 \
		-0.369199 0.927862 -0.052577 0.000000 \
		0.020597 0.064729 0.997690 0.000000 \
		47.474911 -133.704468 0.332797 1.000000 \
		0.771288 0.635410 -0.037016 0.000000 \
		-0.634304 0.772154 0.037911 0.000000 \
		0.052671 -0.005761 0.998595 0.000000 \
		75.254242 -115.788132 -12.215853 1.000000
		DrawPart "SK_PC0004_C052.002"
		DrawPart "SK_PC0004_C052.002_1"
		DrawPart "SK_PC0004_C052.002_2"
		DrawPart "SK_PC0004_C052.002_3"
		DrawPart "SK_PC0004_C052.002_4"
		DrawPart "SK_PC0004_C052.002_5"
		DrawPart "SK_PC0004_C052.002_6"
	}
	Bone "SK_PC0004_C052.004" {
		BoundingBox -14.814919 93.037132 -3.060791 14.831539 145.624466 21.039551
		BlendBones 6 "Bip01 Spine_Bone" "Bip01 Spine1_Bone" "Bip01 Spine2_Bone" "Bip01 Neck_Bone" "Bip01 L Clavicle_Bone" "Bip01 R Clavicle_Bone"
		BlendOffsets 6 \
		0.000000 1.000000 -0.000002 0.000000 \
		1.000000 0.000000 -0.000796 0.000000 \
		-0.000796 -0.000002 -1.000000 0.000000 \
		-88.927933 0.000004 3.019361 1.000000 \
		0.000000 1.000000 -0.000002 0.000000 \
		1.000000 0.000000 -0.000796 0.000000 \
		-0.000796 -0.000002 -1.000000 0.000000 \
		-89.097824 0.000005 3.033713 1.000000 \
		0.000000 1.000000 -0.000002 0.000000 \
		0.998081 0.000000 0.061922 0.000000 \
		0.061922 -0.000002 -0.998081 0.000000 \
		-107.101135 0.000005 -3.677502 1.000000 \
		0.000000 1.000000 -0.000002 0.000000 \
		0.999808 0.000000 -0.019586 0.000000 \
		-0.019586 -0.000002 -0.999808 0.000000 \
		-144.690430 0.000003 8.923010 1.000000 \
		-0.929122 0.367263 0.043019 0.000000 \
		-0.369199 -0.927862 -0.052576 0.000000 \
		0.020606 -0.064732 0.997690 0.000000 \
		47.474842 133.704544 0.332735 1.000000 \
		0.929122 0.367264 -0.043009 0.000000 \
		-0.369199 0.927862 -0.052577 0.000000 \
		0.020597 0.064729 0.997690 0.000000 \
		47.474911 -133.704468 0.332797 1.000000
		DrawPart "SK_PC0004_C052.004"
	}
	Bone "SK_PC0004_C052.006" {
		BoundingBox -29.934917 120.549622 0.994583 -15.295269 142.692673 14.949589
		BlendBones 1 "Bip01 L UpperArm_Bone"
		BlendOffsets 1 \
		-0.771287 0.635410 0.037026 0.000000 \
		-0.634304 -0.772154 0.037911 0.000000 \
		0.052679 0.005754 0.998595 0.000000 \
		75.254143 115.788261 -12.215780 1.000000
		DrawPart "SK_PC0004_C052.006"
	}
	Part "sanada_body_3_split_1_Part.001" {
		BoundingBox 1.580490 0.114159 -12.924538 13.862556 60.759789 17.160858
		Mesh "mesh-0" {
			SetMaterial "0004_bc007_t03.tm2"
			BlendSubset 4 0 1 2 3
			DrawArrays "arrays-0" TRIANGLES 33 1 0 1 2 3 4 5 6 7 8 9 10 11 12 13 14 15 16 17 18 19 20 21 22 23 24 25 26 27 28 29 30 31 32
			DrawArrays "arrays-0" TRIANGLES 27 1 33 34 35 36 37 38 39 40 41 42 43 44 45 46 47 48 49 50 51 52 53 54 55 56 57 58 59
			DrawArrays "arrays-0" TRIANGLES 15 1 60 61 62 63 64 65 66 67 68 69 70 71 72 73 74
			DrawArrays "arrays-0" TRIANGLES 12 3 75 76 77 78 79 80 81 82 83 84 85 86 87 88 89 90 91 92 93 94 95 96 97 98 99 100 101 102 103 104 105 106 107 108 109 110
			DrawArrays "arrays-0" TRIANGLES 9 5 111 112 113 114 115 116 117 118 119 120 121 122 123 124 125 126 127 128 129 130 131 132 133 134 135 136 137 138 139 140 141 142 143 144 145 146 147 148 149 150 151 152 153 154 155
			DrawArrays "arrays-0" TRIANGLES 6 6 156 157 158 159 160 161 162 163 164 165 166 167 168 169 170 171 172 173 174 175 176 177 178 179 180 181 182 183 184 185 186 187 188 189 190 191
			DrawArrays "arrays-0" TRIANGLES 6 1 192 193 194 195 196 197
		}
		Arrays "arrays-0" VERTEX|NORMAL|COLOR|TEXCOORD|WEIGHT4 198 1 0 {
			7.830568 12.374138 2.258949 0.019440 -0.055603 -0.998260 0xffffffff 0.601551 0.732632 0.000000 1.000000 0.000000 0.000000 
			3.662010 9.964104 6.123840 -0.874847 -0.157471 -0.458099 0xffffffff 0.564877 0.731998 0.000000 1.000000 0.000000 0.000000 
			7.830568 12.374138 2.258949 0.019440 -0.055603 -0.998260 0xffffffff 0.601551 0.732632 0.000000 1.000000 0.000000 0.000000 
			3.662010 9.964104 6.123840 -0.874847 -0.157471 -0.458099 0xffffffff 0.564877 0.731998 0.000000 1.000000 0.000000 0.000000 
			8.324722 55.500778 -0.134521 0.242523 -0.073242 -0.967377 0xffffffff 0.621699 0.417519 0.000000 1.000000 0.000000 0.000000 
			7.830568 12.374138 2.258949 0.019440 -0.055603 -0.998260 0xffffffff 0.601551 0.732632 0.000000 1.000000 0.000000 0.000000 
			7.830568 12.374138 2.258949 0.019440 -0.055603 -0.998260 0xffffffff 0.601551 0.732632 0.000000 1.000000 0.000000 0.000000 
			8.324722 55.500778 -0.134521 0.242523 -0.073242 -0.967377 0xffffffff 0.621699 0.417519 0.000000 1.000000 0.000000 0.000000 
			11.546383 9.961342 6.046539 0.848145 -0.186920 -0.495667 0xffffffff 0.652389 0.736709 0.000000 1.000000 0.000000 0.000000 
			8.324722 55.500778 -0.134521 0.242523 -0.073242 -0.967377 0xffffffff 0.621699 0.417519 0.000000 1.000000 0.000000 0.000000 
			13.473307 35.894749 8.774048 0.999634 0.013123 -0.023926 0xffffffff 0.696668 0.589874 0.000000 1.000000 0.000000 0.000000 
			11.546383 9.961342 6.046539 0.848145 -0.186920 -0.495667 0xffffffff 0.652389 0.736709 0.000000 1.000000 0.000000 0.000000 
			11.546383 9.961342 6.046539 0.848145 -0.186920 -0.495667 0xffffffff 0.652389 0.736709 0.000000 1.000000 0.000000 0.000000 
			13.473307 35.894749 8.774048 0.999634 0.013123 -0.023926 0xffffffff 0.696668 0.589874 0.000000 1.000000 0.000000 0.000000 
			13.865316 10.311943 11.628548 0.972382 -0.181793 0.146454 0xffffffff 0.702091 0.727438 0.000000 1.000000 0.000000 0.000000 
			13.473307 35.894749 8.774048 0.999634 0.013123 -0.023926 0xffffffff 0.696668 0.589874 0.000000 1.000000 0.000000 0.000000 
			10.839661 35.036194 14.637638 0.634186 0.103516 0.766235 0xffffffff 0.754065 0.583547 0.000000 1.000000 0.000000 0.000000 
			13.865316 10.311943 11.628548 0.972382 -0.181793 0.146454 0xffffffff 0.702091 0.727438 0.000000 1.000000 0.000000 0.000000 
			13.865316 10.311943 11.628548 0.972382 -0.181793 0.146454 0xffffffff 0.702091 0.727438 0.000000 1.000000 0.000000 0.000000 
			10.839661 35.036194 14.637638 0.634186 0.103516 0.766235 0xffffffff 0.754065 0.583547 0.000000 1.000000 0.000000 0.000000 
			11.176458 9.933739 16.873753 0.363525 -0.214844 0.906464 0xffffffff 0.753474 0.710525 0.000000 1.000000 0.000000 0.000000 
			10.839661 35.036194 14.637638 0.634186 0.103516 0.766235 0xffffffff 0.754065 0.583547 0.000000 1.000000 0.000000 0.000000 
			5.202444 34.798779 14.695614 -0.450256 0.119781 0.884827 0xffffffff 0.809235 0.585314 0.000000 1.000000 0.000000 0.000000 
			11.176458 9.933739 16.873753 0.363525 -0.214844 0.906464 0xffffffff 0.753474 0.710525 0.000000 1.000000 0.000000 0.000000 
			11.176458 9.933739 16.873753 0.363525 -0.214844 0.906464 0xffffffff 0.753474 0.710525 0.000000 1.000000 0.000000 0.000000 
			5.202444 34.798779 14.695614 -0.450256 0.119781 0.884827 0xffffffff 0.809235 0.585314 0.000000 1.000000 0.000000 0.000000 
			4.404620 9.933739 17.160858 -0.636444 -0.146973 0.757202 0xffffffff 0.807841 0.710480 0.000000 1.000000 0.000000 0.000000 
			5.202444 34.798779 14.695614 -0.450256 0.119781 0.884827 0xffffffff 0.809235 0.585314 0.000000 1.000000 0.000000 0.000000 
			2.232000 35.535870 8.889999 -0.976501 0.029480 0.213501 0xffffffff 0.876009 0.587398 0.000000 1.000000 0.000000 0.000000 
			4.404620 9.933739 17.160858 -0.636444 -0.146973 0.757202 0xffffffff 0.807841 0.710480 0.000000 1.000000 0.000000 0.000000 
			4.404620 9.933739 17.160858 -0.636444 -0.146973 0.757202 0xffffffff 0.807841 0.710480 0.000000 1.000000 0.000000 0.000000 
			2.232000 35.535870 8.889999 -0.976501 0.029480 0.213501 0xffffffff 0.876009 0.587398 0.000000 1.000000 0.000000 0.000000 
			2.044277 10.311943 11.968105 -0.971466 -0.218262 0.092804 0xffffffff 0.862800 0.740424 0.000000 1.000000 0.000000 0.000000 
			1.580490 60.097237 4.326668 -0.952362 -0.074799 -0.295685 0xffffffff 0.524871 0.358523 1.000000 0.000000 0.000000 0.000000 
			8.305398 59.550632 -0.705971 0.165070 -0.168518 -0.971771 0xffffffff 0.621093 0.358825 1.000000 0.000000 0.000000 0.000000 
			8.324722 55.500778 -0.134521 0.242523 -0.073242 -0.967377 0xffffffff 0.621699 0.417519 0.000000 1.000000 0.000000 0.000000 
			8.305398 59.550632 -0.705971 0.165070 -0.168518 -0.971771 0xffffffff 0.621093 0.358825 1.000000 0.000000 0.000000 0.000000 
			13.826668 60.133125 6.775352 0.987427 -0.053406 -0.148804 0xffffffff 0.696698 0.368111 1.000000 0.000000 0.000000 0.000000 
			8.324722 55.500778 -0.134521 0.242523 -0.073242 -0.967377 0xffffffff 0.621699 0.417519 0.000000 1.000000 0.000000 0.000000 
			8.324722 55.500778 -0.134521 0.242523 -0.073242 -0.967377 0xffffffff 0.621699 0.417519 0.000000 1.000000 0.000000 0.000000 
			13.826668 60.133125 6.775352 0.987427 -0.053406 -0.148804 0xffffffff 0.696698 0.368111 1.000000 0.000000 0.000000 0.000000 
			13.705200 53.880287 7.048653 0.993530 -0.003510 0.113434 0xffffffff 0.697986 0.430279 0.296875 0.703125 0.000000 0.000000 
			13.826668 60.133125 6.775352 0.987427 -0.053406 -0.148804 0xffffffff 0.696698 0.368111 1.000000 0.000000 0.000000 0.000000 
			10.707150 60.759789 11.084702 0.487152 0.004425 0.873291 0xffffffff 0.750717 0.370437 1.000000 0.000000 0.000000 0.000000 
			13.705200 53.880287 7.048653 0.993530 -0.003510 0.113434 0xffffffff 0.697986 0.430279 0.296875 0.703125 0.000000 0.000000 
			13.705200 53.880287 7.048653 0.993530 -0.003510 0.113434 0xffffffff 0.697986 0.430279 0.296875 0.703125 0.000000 0.000000 
			10.707150 60.759789 11.084702 0.487152 0.004425 0.873291 0xffffffff 0.750717 0.370437 1.000000 0.000000 0.000000 0.000000 
			10.801012 53.275707 11.534687 0.487488 0.108765 0.866333 0xffffffff 0.749687 0.439007 0.000000 1.000000 0.000000 0.000000 
			10.707150 60.759789 11.084702 0.487152 0.004425 0.873291 0xffffffff 0.750717 0.370437 1.000000 0.000000 0.000000 0.000000 
			4.338366 53.380611 11.322117 -0.457581 0.068268 0.886536 0xffffffff 0.809447 0.436017 0.000000 1.000000 0.000000 0.000000 
			10.801012 53.275707 11.534687 0.487488 0.108765 0.866333 0xffffffff 0.749687 0.439007 0.000000 1.000000 0.000000 0.000000 
			10.801012 53.275707 11.534687 0.487488 0.108765 0.866333 0xffffffff 0.749687 0.439007 0.000000 1.000000 0.000000 0.000000 
			4.338366 53.380611 11.322117 -0.457581 0.068268 0.886536 0xffffffff 0.809447 0.436017 0.000000 1.000000 0.000000 0.000000 
			5.202444 34.798779 14.695614 -0.450256 0.119781 0.884827 0xffffffff 0.809235 0.585314 0.000000 1.000000 0.000000 0.000000 
			4.338366 53.380611 11.322117 -0.457581 0.068268 0.886536 0xffffffff 0.809447 0.436017 0.000000 1.000000 0.000000 0.000000 
			1.613619 53.736732 4.461937 -0.999603 -0.004089 -0.027527 0xffffffff 0.878099 0.412597 0.296875 0.703125 0.000000 0.000000 
			5.202444 34.798779 14.695614 -0.450256 0.119781 0.884827 0xffffffff 0.809235 0.585314 0.000000 1.000000 0.000000 0.000000 
			5.202444 34.798779 14.695614 -0.450256 0.119781 0.884827 0xffffffff 0.809235 0.585314 0.000000 1.000000 0.000000 0.000000 
			1.613619 53.736732 4.461937 -0.999603 -0.004089 -0.027527 0xffffffff 0.878099 0.412597 0.296875 0.703125 0.000000 0.000000 
			2.232000 35.535870 8.889999 -0.976501 0.029480 0.213501 0xffffffff 0.876009 0.587398 0.000000 1.000000 0.000000 0.000000 
			11.546383 9.961342 6.046539 0.848145 -0.186951 -0.495667 0xffffffff 0.653359 0.736724 0.000000 1.000000 0.000000 0.000000 
			13.865316 10.311943 11.628548 0.972351 -0.181854 0.146454 0xffffffff 0.700091 0.728374 0.000000 1.000000 0.000000 0.000000 
			11.068793 5.803825 14.463718 0.678345 -0.592896 0.433960 0xffffffff 0.753959 0.742175 0.000000 0.000000 1.000000 0.000000 
			13.865316 10.311943 11.628548 0.972351 -0.181854 0.146454 0xffffffff 0.700091 0.728374 0.000000 1.000000 0.000000 0.000000 
			11.176458 9.933739 16.873753 0.363556 -0.214935 0.906433 0xffffffff 0.752914 0.710978 0.000000 1.000000 0.000000 0.000000 
			11.068793 5.803825 14.463718 0.678345 -0.592896 0.433960 0xffffffff 0.753959 0.742175 0.000000 0.000000 1.000000 0.000000 
			11.068793 5.803825 14.463718 0.678345 -0.592896 0.433960 0xffffffff 0.753959 0.742175 0.000000 0.000000 1.000000 0.000000 
			11.176458 9.933739 16.873753 0.363556 -0.214935 0.906433 0xffffffff 0.752914 0.710978 0.000000 1.000000 0.000000 0.000000 
			4.534370 5.812111 14.441635 -0.528259 -0.600098 0.600677 0xffffffff 0.811325 0.742387 0.000000 0.000000 1.000000 0.000000 
			11.176458 9.933739 16.873753 0.363556 -0.214935 0.906433 0xffffffff 0.752914 0.710978 0.000000 1.000000 0.000000 0.000000 
			4.404620 9.933739 17.160858 -0.636414 -0.147034 0.757202 0xffffffff 0.807266 0.710948 0.000000 1.000000 0.000000 0.000000 
			4.534370 5.812111 14.441635 -0.528259 -0.600098 0.600677 0xffffffff 0.811325 0.742387 0.000000 0.000000 1.000000 0.000000 
			4.534370 5.812111 14.441635 -0.528259 -0.600098 0.600677 0xffffffff 0.811325 0.742387 0.000000 0.000000 1.000000 0.000000 
			4.404620 9.933739 17.160858 -0.636414 -0.147034 0.757202 0xffffffff 0.807266 0.710948 0.000000 1.000000 0.000000 0.000000 
			2.044277 10.311943 11.968105 -0.971466 -0.218262 0.092834 0xffffffff 0.862800 0.740424 0.000000 1.000000 0.000000 0.000000 
			2.044277 10.311943 11.968105 -0.971497 -0.218201 0.092743 0xffffffff 0.522447 0.729884 0.000000 1.000000 0.000000 0.000000 
			2.232000 35.535870 8.889999 -0.976532 0.029419 0.213379 0xffffffff 0.527355 0.603419 0.000000 1.000000 0.000000 0.000000 
			3.662010 9.964104 6.123840 -0.874847 -0.157471 -0.458099 0xffffffff 0.564877 0.731998 0.000000 1.000000 0.000000 0.000000 
			2.232000 35.535870 8.889999 -0.976532 0.029419 0.213379 0xffffffff 0.527355 0.603419 0.000000 1.000000 0.000000 0.000000 
			1.613619 53.736732 4.461937 -0.999603 -0.004150 -0.027466 0xffffffff 0.525355 0.432348 0.296875 0.703125 0.000000 0.000000 
			3.662010 9.964104 6.123840 -0.874847 -0.157471 -0.458099 0xffffffff 0.564877 0.731998 0.000000 1.000000 0.000000 0.000000 
			3.662010 9.964104 6.123840 -0.874847 -0.157471 -0.458099 0xffffffff 0.564877 0.731998 0.000000 1.000000 0.000000 0.000000 
			1.613619 53.736732 4.461937 -0.999603 -0.004150 -0.027466 0xffffffff 0.525355 0.432348 0.296875 0.703125 0.000000 0.000000 
			8.324722 55.500778 -0.134521 0.242523 -0.073242 -0.967377 0xffffffff 0.621699 0.417519 0.000000 1.000000 0.000000 0.000000 
			1.613619 53.736732 4.461937 -0.999603 -0.004150 -0.027466 0xffffffff 0.525355 0.432348 0.296875 0.703125 0.000000 0.000000 
			1.580490 60.097237 4.326668 -0.952362 -0.074799 -0.295685 0xffffffff 0.524871 0.358523 1.000000 0.000000 0.000000 0.000000 
			8.324722 55.500778 -0.134521 0.242523 -0.073242 -0.967377 0xffffffff 0.621699 0.417519 0.000000 1.000000 0.000000 0.000000 
			13.084057 0.147285 -6.265892 0.001190 -0.986145 0.165833 0xffffffff 0.986168 0.908309 0.000000 0.000000 0.000000 1.000000 
			12.153723 3.324776 6.333649 0.000000 -0.828400 -0.560120 0xffffffff 0.985350 0.835480 0.000000 0.000000 1.000000 0.000000 
			4.169967 3.324776 6.333649 0.000824 -0.828613 -0.559814 0xffffffff 0.909002 0.835858 0.000000 0.000000 1.000000 0.000000 
			12.153723 3.324776 6.333649 0.000000 -0.828400 -0.560120 0xffffffff 0.985350 0.835480 0.000000 0.000000 1.000000 0.000000 
			11.665091 0.119682 6.769829 0.000000 -0.753143 -0.657867 0xffffffff 0.982487 0.830210 0.000000 0.000000 1.000000 0.000000 
			4.169967 3.324776 6.333649 0.000824 -0.828613 -0.559814 0xffffffff 0.909002 0.835858 0.000000 0.000000 1.000000 0.000000 
			4.169967 3.324776 6.333649 0.000824 -0.828613 -0.559814 0xffffffff 0.909002 0.835858 0.000000 0.000000 1.000000 0.000000 
			11.665091 0.119682 6.769829 0.000000 -0.753143 -0.657867 0xffffffff 0.982487 0.830210 0.000000 0.000000 1.000000 0.000000 
			4.316280 0.119682 6.769829 0.000000 -0.753143 -0.657867 0xffffffff 0.911229 0.828141 0.000000 0.000000 1.000000 0.000000 
			11.665091 0.119682 6.769829 0.000000 -0.753143 -0.657867 0xffffffff 0.982487 0.830210 0.000000 0.000000 1.000000 0.000000 
			4.666881 0.119682 13.712826 0.000000 -1.000000 0.000000 0xffffffff 0.914698 0.769296 0.000000 0.000000 1.000000 0.000000 
			4.316280 0.119682 6.769829 0.000000 -0.753143 -0.657867 0xffffffff 0.911229 0.828141 0.000000 0.000000 1.000000 0.000000 
			5.202444 34.798779 14.695614 -0.450256 0.119781 0.884827 0xffffffff 0.809235 0.585314 0.000000 1.000000 0.000000 0.000000 
			10.839661 35.036194 14.637638 0.634186 0.103516 0.766235 0xffffffff 0.754065 0.583547 0.000000 1.000000 0.000000 0.000000 
			10.801012 53.275707 11.534687 0.487488 0.108765 0.866333 0xffffffff 0.749687 0.439007 0.000000 1.000000 0.000000 0.000000 
			10.839661 35.036194 14.637638 0.634186 0.103516 0.766235 0xffffffff 0.754065 0.583547 0.000000 1.000000 0.000000 0.000000 
			13.473307 35.894749 8.774048 0.999634 0.013123 -0.023926 0xffffffff 0.696668 0.589874 0.000000 1.000000 0.000000 0.000000 
			10.801012 53.275707 11.534687 0.487488 0.108765 0.866333 0xffffffff 0.749687 0.439007 0.000000 1.000000 0.000000 0.000000 
			10.801012 53.275707 11.534687 0.487488 0.108765 0.866333 0xffffffff 0.749687 0.439007 0.000000 1.000000 0.000000 0.000000 
			13.473307 35.894749 8.774048 0.999634 0.013123 -0.023926 0xffffffff 0.696668 0.589874 0.000000 1.000000 0.000000 0.000000 
			13.705200 53.880287 7.048653 0.993530 -0.003510 0.113434 0xffffffff 0.697986 0.430279 0.296875 0.703125 0.000000 0.000000 
			13.473307 35.894749 8.774048 0.999634 0.013123 -0.023926 0xffffffff 0.696668 0.589874 0.000000 1.000000 0.000000 0.000000 
			8.324722 55.500778 -0.134521 0.242523 -0.073242 -0.967377 0xffffffff 0.621699 0.417519 0.000000 1.000000 0.000000 0.000000 
			13.705200 53.880287 7.048653 0.993530 -0.003510 0.113434 0xffffffff 0.697986 0.430279 0.296875 0.703125 0.000000 0.000000 
			7.894063 4.600189 -7.486092 -0.014130 0.902100 -0.431305 0xffffffff 0.596037 0.838983 0.000000 0.000000 1.000000 0.000000 
			8.117675 3.360664 -12.377937 -0.029083 0.745361 -0.666046 0xffffffff 0.507692 0.930159 0.000000 0.000000 0.000000 1.000000 
			3.402510 2.681549 -7.204506 -0.876984 0.313202 -0.364471 0xffffffff 0.661872 0.950695 0.000000 0.000000 0.000000 1.000000 
			8.117675 3.360664 -12.377937 -0.029083 0.745361 -0.666046 0xffffffff 0.507692 0.930159 0.000000 0.000000 0.000000 1.000000 
			8.128717 0.114159 -12.921783 -0.021149 -0.096924 -0.995056 0xffffffff 0.509980 0.988612 0.000000 0.000000 0.000000 1.000000 
			3.402510 2.681549 -7.204506 -0.876984 0.313202 -0.364471 0xffffffff 0.661872 0.950695 0.000000 0.000000 0.000000 1.000000 
			3.402510 2.681549 -7.204506 -0.876984 0.313202 -0.364471 0xffffffff 0.661872 0.950695 0.000000 0.000000 0.000000 1.000000 
			8.128717 0.114159 -12.921783 -0.021149 -0.096924 -0.995056 0xffffffff 0.509980 0.988612 0.000000 0.000000 0.000000 1.000000 
			3.413553 0.133484 -6.232765 -0.957031 -0.106842 -0.269592 0xffffffff 0.677657 0.991602 0.000000 0.000000 0.000000 1.000000 
			13.084057 0.147285 -6.265892 0.954773 -0.096405 -0.281311 0xffffffff 0.677672 0.991647 0.000000 0.000000 0.000000 1.000000 
			8.128717 0.114159 -12.921783 -0.021210 -0.097015 -0.995056 0xffffffff 0.510086 0.990802 0.000000 0.000000 0.000000 1.000000 
			12.965349 2.667747 -7.533020 0.852325 0.369324 -0.370300 0xffffffff 0.661887 0.952371 0.000000 0.000000 0.000000 1.000000 
			8.128717 0.114159 -12.921783 -0.021210 -0.097015 -0.995056 0xffffffff 0.510086 0.990802 0.000000 0.000000 0.000000 1.000000 
			8.117675 3.360664 -12.377937 -0.029236 0.745331 -0.666077 0xffffffff 0.507314 0.931306 0.000000 0.000000 0.000000 1.000000 
			12.965349 2.667747 -7.533020 0.852325 0.369324 -0.370300 0xffffffff 0.661887 0.952371 0.000000 0.000000 0.000000 1.000000 
			12.965349 2.667747 -7.533020 0.852325 0.369324 -0.370300 0xffffffff 0.661887 0.952371 0.000000 0.000000 0.000000 1.000000 
			8.117675 3.360664 -12.377937 -0.029236 0.745331 -0.666077 0xffffffff 0.507314 0.931306 0.000000 0.000000 0.000000 1.000000 
