.GMS 1.00

Model "model-0" {
	BoundingBox -65.398033 0.114716 -18.939774 76.319763 181.319611 32.071884
	Bone "junpei_root_Bone" {
		RotateQ 0.000000 0.000000 -1.000000 0.000000
	}
	Bone "Bip01_Bone" {
		ParentBone "junpei_root_Bone"
		Translate 0.000002 -96.882515 1.470333
		RotateQ 0.000000 0.707106 0.000000 0.707107
		Scale 1.000000 1.000000 1.000000
	}
	Bone "Bip01 Footsteps_Bone" {
		ParentBone "Bip01_Bone"
		Translate 0.000000 96.976196 0.000000
		RotateQ 0.000000 -0.707106 0.000000 0.707107
		Scale 1.000000 1.000000 1.000000
	}
	Bone "Bip01 Footsteps_Bone_end" {
		ParentBone "Bip01 Footsteps_Bone"
		Translate 0.000000 52.143955 0.000000
		RotateQ 0.000000 0.000000 0.000000 1.000000
		Scale 1.000000 1.000000 1.000000
	}
	Bone "Bip01 Pelvis_Bone" {
		ParentBone "Bip01_Bone"
		Translate -2.380991 6.913185 -0.000006
		RotateQ -0.499997 0.499998 -0.500003 0.500002
		Scale 1.000000 1.000000 1.000000
	}
	Bone "Bip01 Spine_Bone" {
		ParentBone "Bip01 Pelvis_Bone"
		Translate 0.048401 0.000000 -0.000130
		RotateQ -0.000005 -0.000399 0.000000 1.000000
		Scale 1.000000 1.000000 1.000000
	}
	Bone "Bip01 Spine1_Bone" {
		ParentBone "Bip01 Spine_Bone"
		Translate 0.169884 0.000000 -0.014352
		RotateQ 0.000000 0.000000 0.000000 1.000000
		Scale 1.000000 1.000000 1.000000
	}
	Bone "Bip01 Spine2_Bone" {
		ParentBone "Bip01 Spine1_Bone"
		Translate 18.022125 0.000000 -0.012813
		RotateQ 0.000000 0.069896 0.000000 0.997554
		Scale 1.000000 1.000000 1.000000
		BlindData "per3Helper" 0 1085580316 -1088851720 1083582125 1055758024 -1091725624 1057527316 1057527333 0 0
	}
	Bone "Bip01 Spine3_Bone" {
		ParentBone "Bip01 Spine2_Bone"
		Translate 16.254089 -0.000001 -0.014306
		RotateQ 0.000000 -0.069885 0.000000 0.997555
		Scale 1.000000 1.000000 1.000000
	}
	Bone "Bip01 Neck_Bone" {
		ParentBone "Bip01 Spine3_Bone"
		Translate 21.379150 0.000000 -0.986301
		RotateQ 0.000000 -0.035712 0.000000 0.999362
		Scale 1.000000 1.000000 1.000000
	}
	Bone "Bip01 Neck1_Bone" {
		ParentBone "Bip01 Neck_Bone"
		Translate 0.607742 0.000000 -0.004932
		RotateQ 0.000000 -0.063947 0.000000 0.997953
		Scale 1.000000 1.000000 1.000000
	}
	Bone "Bip01 Head_Bone" {
		ParentBone "Bip01 Neck1_Bone"
		Translate 6.248978 0.000000 0.000004
		RotateQ 0.000000 0.065999 0.000000 0.997820
		Scale 1.000000 1.000000 1.000000
		BlindData "per3Helper" 2 1108418098 -1216632702 1082525179 -1090238324 1057245324 -1091099934 -1091099901 0 0
		BlindData "per3Helper" 3 1100556913 -1051668945 1065730619 1041644393 -1086933883 -1105144813 1059760900 0 0
	}
	Bone "Bip01 HeadNub_Bone" {
		ParentBone "Bip01 Head_Bone"
		Translate 30.164276 -0.000002 -0.000004
		RotateQ 0.000000 0.000000 0.000000 1.000000
		Scale 1.000000 1.000000 1.000000
	}
	Bone "Bip01 HeadNub_Bone_end" {
		ParentBone "Bip01 HeadNub_Bone"
		Translate 0.000000 20.684830 0.000000
		RotateQ 0.000000 0.000000 0.000000 1.000000
		Scale 1.000000 1.000000 1.000000
	}
	Bone "cap_Bone" {
		ParentBone "Bip01 Head_Bone"
		Translate 10.487915 -0.000042 3.945036
		RotateQ 0.706697 -0.706697 -0.024072 0.024073
		Scale 1.000000 1.000000 1.000000
	}
	Bone "cap_Bone_end" {
		ParentBone "cap_Bone"
		Translate 0.000000 20.684830 0.000000
		RotateQ 0.000000 0.000000 0.000000 1.000000
		Scale 1.000000 1.000000 1.000000
	}
	Bone "Bip01 L Clavicle_Bone" {
		ParentBone "Bip01 Neck_Bone"
		Translate -3.879456 -6.574185 -1.216249
		RotateQ 0.561176 -0.826629 -0.038079 0.017764
		Scale 1.000000 1.000000 1.000000
	}
	Bone "Bip01 L UpperArm_Bone" {
		ParentBone "Bip01 L Clavicle_Bone"
		Translate 9.350464 -0.000031 0.000000
		RotateQ 0.011970 0.030437 0.155488 0.987296
		Scale 1.000000 1.000000 1.000000
	}
	Bone "Bip01 L Forearm_Bone" {
		ParentBone "Bip01 L UpperArm_Bone"
		Translate 23.436951 0.000038 0.000002
		RotateQ 0.000000 0.082870 0.000000 0.996560
		Scale 1.000000 1.000000 1.000000
	}
	Bone "Bip01 L Hand_Bone" {
		ParentBone "Bip01 L Forearm_Bone"
		Translate 24.317614 -0.000015 0.000000
		RotateQ -0.693474 0.012530 -0.034421 0.719550
		Scale 1.000000 0.999999 1.000000
		BlindData "per3Helper" 500 1095257584 1061142386 1079111385 -1082427221 1037956559 -1108502471 1036739473 0 0
	}
	Bone "Bip01 L Finger0_Bone" {
		ParentBone "Bip01 L Hand_Bone"
		Translate 11.814521 -0.000001 0.000008
		RotateQ -0.000388 -0.226682 0.000090 0.973969
		Scale 1.000000 0.999999 1.000000
	}
	Bone "Bip01 L Finger0Nub_Bone" {
		ParentBone "Bip01 L Finger0_Bone"
		Translate 7.374191 0.000000 0.000000
		RotateQ 0.000000 0.000000 0.000000 1.000000
		Scale 1.000000 0.999999 1.000000
	}
	Bone "Bip01 L Finger0Nub_Bone_end" {
		ParentBone "Bip01 L Finger0Nub_Bone"
		Translate 0.000000 7.374172 0.000000
		RotateQ 0.000000 0.000000 0.000000 1.000000
		Scale 1.000000 0.999999 1.000000
	}
	Bone "b l sode d01_Bone" {
		ParentBone "Bip01 L Forearm_Bone"
		Translate 22.884165 1.699692 -0.221106
		RotateQ 0.667669 0.118880 0.165097 0.716121
		Scale 1.000000 0.999999 1.000000
	}
	Bone "b l sode d02_Bone" {
		ParentBone "b l sode d01_Bone"
		Translate 11.857838 0.000007 0.000000
		RotateQ 0.000000 0.000000 0.000000 1.000000
		Scale 1.000000 0.999999 1.000000
	}
	Bone "b l sode d02_Bone_end" {
		ParentBone "b l sode d02_Bone"
		Translate 0.000008 11.857838 -0.000008
		RotateQ 0.000000 0.000000 0.000000 1.000000
		Scale 1.000000 0.999999 1.000000
	}
	Bone "b l sode u01_Bone" {
		ParentBone "Bip01 L Forearm_Bone"
		Translate 22.151575 -3.729179 -0.329523
		RotateQ 0.713393 -0.084796 -0.056652 0.693304
		Scale 1.000000 0.999999 1.000000
	}
	Bone "b l sode u02_Bone" {
		ParentBone "b l sode u01_Bone"
		Translate 11.695272 -0.000006 -0.000015
		RotateQ 0.000000 0.000000 0.000000 1.000000
		Scale 0.999999 0.999999 1.000000
	}
	Bone "b l sode u02_Bone_end" {
		ParentBone "b l sode u02_Bone"
		Translate 0.000003 11.695265 -0.000015
		RotateQ 0.000000 0.000000 0.000000 1.000000
		Scale 0.999999 0.999999 1.000000
	}
	Bone "Bip01 R Clavicle_Bone" {
		ParentBone "Bip01 Neck_Bone"
		Translate -3.879471 6.574197 -1.216213
		RotateQ -0.561176 -0.826629 0.038077 0.017766
		Scale 1.000000 1.000000 1.000000
	}
	Bone "Bip01 R UpperArm_Bone" {
		ParentBone "Bip01 R Clavicle_Bone"
		Translate 9.350471 -0.000046 -0.000002
		RotateQ -0.011970 0.030437 -0.155488 0.987296
		Scale 1.000000 1.000000 1.000000
	}
	Bone "Bip01 R Forearm_Bone" {
		ParentBone "Bip01 R UpperArm_Bone"
		Translate 23.436886 0.000023 -0.000001
		RotateQ 0.000000 0.082870 0.000000 0.996560
		Scale 1.000000 1.000000 1.000000
	}
	Bone "Bip01 R Hand_Bone" {
		ParentBone "Bip01 R Forearm_Bone"
		Translate 24.317638 -0.000023 0.000000
		RotateQ 0.693474 0.012530 0.034421 0.719550
		Scale 1.000000 1.000000 1.000000
	}
	Bone "Bip01 R Finger0_Bone" {
		ParentBone "Bip01 R Hand_Bone"
		Translate 11.814530 -0.000001 0.000015
		RotateQ 0.000388 -0.226682 -0.000090 0.973969
		Scale 1.000000 1.000000 1.000000
	}
	Bone "Bip01 R Finger0Nub_Bone" {
		ParentBone "Bip01 R Finger0_Bone"
		Translate 7.374172 -0.000008 -0.000008
		RotateQ 0.000001 1.000000 0.000000 0.000000
		Scale 1.000000 1.000000 1.000000
	}
	Bone "Bip01 R Finger0Nub_Bone_end" {
		ParentBone "Bip01 R Finger0Nub_Bone"
		Translate -0.000004 7.374184 -0.000008
		RotateQ 0.000000 0.000000 0.000000 1.000000
		Scale 1.000000 1.000000 1.000000
	}
	Bone "gun_Bone" {
		ParentBone "Bip01 R Hand_Bone"
		Translate 20.985651 -3.255018 2.579323
		RotateQ 0.092296 -0.701057 -0.092296 0.701057
		Scale 0.999999 1.000000 1.000000
	}
	Bone "gun_Bone_end" {
		ParentBone "gun_Bone"
		Translate -0.000008 16.603600 0.000005
		RotateQ 0.000000 0.000000 0.000000 1.000000
		Scale 1.000000 1.000000 1.000000
	}
	Bone "b r sode u01_Bone" {
		ParentBone "Bip01 R Forearm_Bone"
		Translate 22.151405 3.729042 -0.329397
		RotateQ 0.678721 0.139305 0.164922 0.701949
		Scale 1.000000 1.000000 1.000000
	}
	Bone "b r sode u02_Bone" {
		ParentBone "b r sode u01_Bone"
		Translate 11.378363 0.000002 2.704155
		RotateQ 0.000000 0.116880 0.000000 0.993146
		Scale 1.000000 1.000000 1.000000
	}
	Bone "b r sode u02_Bone_end" {
		ParentBone "b r sode u02_Bone"
		Translate 0.000004 11.695284 0.000000
		RotateQ 0.000000 0.000000 0.000000 1.000000
		Scale 1.000000 1.000000 0.999999
	}
	Bone "b r sode d01_Bone" {
		ParentBone "Bip01 R Forearm_Bone"
		Translate 22.884241 -1.699631 -0.220932
		RotateQ 0.703381 0.117680 0.179495 0.677635
		Scale 1.000000 1.000000 1.000000
	}
	Bone "b r sode d02_Bone" {
		ParentBone "b r sode d01_Bone"
		Translate 8.013765 0.000004 8.740021
		RotateQ 0.000000 0.051742 0.000000 0.998661
		Scale 1.000000 1.000000 1.000000
	}
	Bone "b r sode d02_Bone_end" {
		ParentBone "b r sode d02_Bone"
		Translate 0.000000 11.857845 -0.000008
		RotateQ 0.000000 0.000000 0.000000 1.000000
		Scale 1.000000 1.000000 1.000000
	}
	Bone "b_suso_l_f03_Bone" {
		ParentBone "Bip01 Spine3_Bone"
		Translate -5.217545 -5.652023 14.622173
		RotateQ -0.045474 0.701741 -0.705644 0.086936
		Scale 1.000000 1.000000 1.000000
	}
	Bone "b_suso_l_f04_Bone" {
		ParentBone "b_suso_l_f03_Bone"
		Translate 34.860794 0.000012 -0.000090
		RotateQ 0.000000 0.000000 0.000000 1.000000
		Scale 1.000000 1.000000 1.000000
	}
	Bone "b_suso_l_f04_Bone_end" {
		ParentBone "b_suso_l_f04_Bone"
		Translate -0.000008 34.860786 0.000002
		RotateQ 0.000000 0.000000 0.000000 1.000000
		Scale 1.000000 1.000000 1.000000
	}
	Bone "b_suso_r_f03_Bone" {
		ParentBone "Bip01 Spine3_Bone"
		Translate -5.217545 5.651975 14.622185
		RotateQ -0.085443 -0.705742 0.701922 0.043971
		Scale 1.000000 1.000000 1.000000
	}
	Bone "b_suso_r_f04_Bone" {
		ParentBone "b_suso_r_f03_Bone"
		Translate 34.832932 -0.000012 0.000000
		RotateQ 0.000000 0.000000 0.000000 1.000000
		Scale 1.000000 0.999999 1.000000
	}
	Bone "b_suso_r_f04_Bone_end" {
		ParentBone "b_suso_r_f04_Bone"
		Translate -0.000008 34.832897 0.000002
		RotateQ 0.000000 0.000000 0.000000 1.000000
		Scale 1.000000 0.999999 1.000000
	}
	Bone "b_suso_b02_Bone" {
		ParentBone "Bip01 Spine2_Bone"
		Translate 13.380692 -0.073813 -7.717139
		RotateQ 0.102098 0.699664 -0.699253 0.105313
		Scale 1.000000 0.999999 1.000000
	}
	Bone "b_suso_b03_Bone" {
		ParentBone "b_suso_b02_Bone"
		Translate 32.457672 -0.000015 -0.000001
		RotateQ 0.000000 -0.001427 0.045637 0.998957
		Scale 1.000000 0.999999 1.000000
	}
	Bone "b_suso_b03_Bone_end" {
		ParentBone "b_suso_b03_Bone"
		Translate -0.000008 32.457645 0.000000
		RotateQ 0.000000 0.000000 0.000000 1.000000
		Scale 1.000000 0.999999 1.000000
	}
	Bone "b_suso_l_s02_Bone" {
		ParentBone "Bip01 Spine2_Bone"
		Translate -1.885201 -15.600206 0.102474
		RotateQ 0.031315 0.676012 -0.706413 0.207386
		Scale 1.000000 1.000000 1.000000
	}
	Bone "b_suso_l_s03_Bone" {
		ParentBone "b_suso_l_s02_Bone"
		Translate 17.481567 0.000000 -0.000042
		RotateQ 0.000000 0.000000 0.000000 1.000000
		Scale 1.000000 1.000000 1.000000
	}
	Bone "b_suso_l_s03_Bone_end" {
		ParentBone "b_suso_l_s03_Bone"
		Translate -0.000008 17.481564 0.000000
		RotateQ 0.000000 0.000000 0.000000 1.000000
		Scale 1.000000 1.000000 1.000000
	}
	Bone "b_suso_r_s02_Bone" {
		ParentBone "Bip01 Spine2_Bone"
		Translate -1.885193 15.600207 0.102513
		RotateQ -0.215798 -0.706749 0.673373 -0.022505
		Scale 1.000000 1.000000 1.000000
	}
	Bone "b_suso_r_s03_Bone" {
		ParentBone "b_suso_r_s02_Bone"
		Translate 17.600784 -0.000004 0.000008
		RotateQ 0.000000 0.000000 0.000000 1.000000
		Scale 1.000000 1.000000 1.000000
	}
	Bone "b_suso_r_s03_Bone_end" {
		ParentBone "b_suso_r_s03_Bone"
		Translate -0.000008 17.600788 0.000000
		RotateQ 0.000000 0.000000 0.000000 1.000000
		Scale 1.000000 1.000000 1.000000
	}
	Bone "Bip01 L Thigh_Bone" {
		ParentBone "Bip01 Spine_Bone"
		Translate -0.048401 -7.464900 0.000153
		RotateQ 0.018201 -0.000015 -0.999824 0.004563
		Scale 1.000000 1.000000 1.000000
	}
	Bone "Bip01 L Calf_Bone" {
		ParentBone "Bip01 L Thigh_Bone"
		Translate 32.407192 0.000006 0.000000
		RotateQ 0.000000 0.015018 0.000000 0.999887
		Scale 1.000000 1.000000 1.000000
	}
	Bone "Bip01 L Foot_Bone" {
		ParentBone "Bip01 L Calf_Bone"
		Translate 46.238411 0.000001 -0.000002
		RotateQ 0.000050 -0.033613 -0.004563 0.999425
		Scale 1.000000 1.000000 1.000000
	}
	Bone "Bip01 L Toe0_Bone" {
		ParentBone "Bip01 L Foot_Bone"
		Translate 11.423484 -0.000004 12.648183
		RotateQ 0.000000 -0.707105 0.000000 0.707108
		Scale 1.000000 1.000000 1.000000
	}
	Bone "Bip01 L Toe0Nub_Bone" {
		ParentBone "Bip01 L Toe0_Bone"
		Translate 9.747003 0.000003 0.000003
		RotateQ 0.000000 1.000000 0.000000 0.000000
		Scale 1.000000 1.000000 1.000000
	}
	Bone "Bip01 L Toe0Nub_Bone_end" {
		ParentBone "Bip01 L Toe0Nub_Bone"
		Translate 0.000000 9.747003 0.000000
		RotateQ 0.000000 0.000000 0.000000 1.000000
		Scale 1.000000 1.000000 1.000000
	}
	Bone "Bip01 R Thigh_Bone" {
		ParentBone "Bip01 Spine_Bone"
		Translate -0.048401 7.464900 0.000194
		RotateQ -0.018201 -0.000018 0.999824 0.004563
	}
	Bone "Bip01 R Calf_Bone" {
		ParentBone "Bip01 R Thigh_Bone"
		Translate 32.407215 0.000001 -0.000005
		RotateQ 0.000000 0.015018 0.000000 0.999887
		Scale 1.000000 1.000000 1.000000
	}
	Bone "Bip01 R Foot_Bone" {
		ParentBone "Bip01 R Calf_Bone"
		Translate 46.238407 0.000000 0.000002
		RotateQ -0.000050 -0.033613 0.004563 0.999425
		Scale 1.000000 1.000000 1.000000
	}
	Bone "Bip01 R Toe0_Bone" {
		ParentBone "Bip01 R Foot_Bone"
		Translate 11.423482 0.000004 12.648184
		RotateQ 0.000000 -0.707106 0.000000 0.707108
		Scale 1.000000 1.000000 1.000000
	}
	Bone "Bip01 R Toe0Nub_Bone" {
		ParentBone "Bip01 R Toe0_Bone"
		Translate 9.747000 -0.000002 0.000001
		RotateQ 0.000000 0.000000 0.000000 1.000000
		Scale 1.000000 1.000000 1.000000
	}
	Bone "Bip01 R Toe0Nub_Bone_end" {
		ParentBone "Bip01 R Toe0Nub_Bone"
		Translate 0.000001 9.747000 0.000000
		RotateQ 0.000000 0.000000 0.000000 1.000000
		Scale 1.000000 1.000000 1.000000
	}
	Bone "body_Bone" {
		ParentBone "junpei_root_Bone"
		Translate -0.000003 -161.541519 2.703644
		RotateQ 0.000000 0.000000 0.000000 1.000000
	}
	Bone "body_Bone_end" {
		ParentBone "body_Bone"
		Translate 0.000000 1.000000 0.000000
		RotateQ 0.000000 0.000000 0.000000 1.000000
	}
	Bone "body_3_split_2_Part" {
		BoundingBox -16.335705 0.114716 -12.923111 16.338409 104.167549 17.232079
		BlendBones 9 "Bip01 Spine1_Bone" "Bip01 L Thigh_Bone" "Bip01 L Calf_Bone" "Bip01 L Foot_Bone" "Bip01 L Toe0_Bone" "Bip01 R Thigh_Bone" "Bip01 R Calf_Bone" "Bip01 R Foot_Bone" "Bip01 R Toe0_Bone"
		BlendOffsets 9 \
			0.000000 1.000000 -0.000001 0.000000 \
			1.000000 0.000000 -0.000796 0.000000 \
			-0.000796 -0.000001 -1.000000 0.000000 \
			-90.184517 0.000003 3.937480 1.000000 \
			-0.009125 -0.999958 -0.000137 0.000000 \
			-0.999267 0.009124 -0.037192 0.000000 \
			0.037192 -0.000203 -0.999308 0.000000 \
			89.691994 -8.284698 7.193807 1.000000 \
			-0.009117 -0.999958 -0.000411 0.000000 \
			-0.997699 0.009124 -0.067186 0.000000 \
			0.067187 -0.000203 -0.997741 0.000000 \
			57.042896 -8.284707 8.910961 1.000000 \
			0.000000 -1.000000 -0.000005 0.000000 \
			-1.000000 0.000000 0.000001 0.000000 \
			-0.000001 0.000005 -1.000000 0.000000 \
			11.453887 -8.182234 8.163187 1.000000 \
			-0.000005 -1.000000 -0.000649 0.000000 \
			-0.000003 -0.000649 1.000000 0.000000 \
			-1.000000 0.000005 -0.000003 0.000000 \
			-4.484999 -8.182208 -0.035724 1.000000 \
			0.009126 -0.999958 0.000128 0.000000 \
			-0.999266 -0.009124 -0.037192 0.000000 \
			0.037191 0.000212 -0.999308 0.000000 \
			89.691971 8.284649 7.193801 1.000000 \
			0.009118 -0.999958 0.000402 0.000000 \
			-0.997699 -0.009124 -0.067186 0.000000 \
			0.067187 0.000212 -0.997741 0.000000 \
			57.042877 8.284657 8.910975 1.000000 \
			0.000000 -1.000000 -0.000004 0.000000 \
			-1.000000 0.000000 0.000001 0.000000 \
			-0.000001 0.000004 -1.000000 0.000000 \
			11.453893 8.182184 8.163197 1.000000 \
			-0.000004 -0.999998 0.001786 0.000000 \
			-0.000002 0.001786 0.999998 0.000000 \
			-1.000000 0.000004 -0.000002 0.000000 \
			-4.484992 8.182114 -0.045031 1.000000
		DrawPart "body_3_split_2_Part"
		DrawPart "body_3_split_2_Part_1"
	}
	Bone "body_5_split_1_Part" {
		BoundingBox -12.976219 137.060104 -9.972847 12.976159 172.322266 10.001579
		BlendBones 2 "Bip01 Spine3_Bone" "Bip01 Head_Bone"
		BlendOffsets 2 \
			0.000000 1.000000 -0.000001 0.000000 \
			1.000000 0.000000 -0.000774 0.000000 \
			-0.000774 -0.000001 -1.000000 0.000000 \
			-124.300079 0.000004 6.228380 1.000000 \
			0.000000 1.000000 -0.000001 0.000000 \
			0.997682 0.000000 -0.068049 0.000000 \
			-0.068049 -0.000001 -0.997682 0.000000 \
			-151.666107 -0.000001 16.178461 1.000000
		DrawPart "body_5_split_1_Part"
	}
	Bone "body_5_Part" {
		BoundingBox -65.398033 93.215347 -5.338692 65.397972 110.908646 6.348999
		BlendBones 6 "Bip01 L Forearm_Bone" "Bip01 L Hand_Bone" "Bip01 L Finger0_Bone" "Bip01 R Forearm_Bone" "Bip01 R Hand_Bone" "Bip01 R Finger0_Bone"
		BlendOffsets 6 \
			-0.757708 0.635410 -0.148772 0.000000 \
			-0.624923 -0.772154 -0.115106 0.000000 \
			-0.188014 0.005754 0.982150 0.000000 \
			53.537746 116.562904 0.987840 1.000000 \
			-0.802612 0.146994 0.578106 0.000000 \
			-0.574998 0.067220 -0.815389 0.000000 \
			-0.158718 -0.986851 0.030570 0.000000 \
			21.371317 4.128085 118.185997 1.000000 \
			-0.464807 0.146533 0.873202 0.000000 \
			-0.875927 0.067870 -0.477646 0.000000 \
			-0.129255 -0.986875 0.096806 0.000000 \
			60.762566 4.033876 101.823082 1.000000 \
			0.757707 0.635410 0.148781 0.000000 \
			-0.624923 0.772154 -0.115107 0.000000 \
			-0.188022 -0.005760 0.982148 0.000000 \
			53.537811 -116.562881 0.987911 1.000000 \
			0.802611 0.147003 -0.578106 0.000000 \
			-0.574998 -0.067220 -0.815389 0.000000 \
			-0.158725 0.986849 0.030575 0.000000 \
			21.371410 -4.128018 118.185951 1.000000 \
			0.464806 0.146542 -0.873202 0.000000 \
			-0.875927 -0.067869 -0.477647 0.000000 \
			-0.129259 0.986873 0.096814 0.000000 \
			60.762577 -4.033880 101.823013 1.000000
		DrawPart "body_5_Part"
	}
	Bone "body_9_Part" {
		BoundingBox -8.068329 159.370972 -8.786659 8.068268 166.338776 -5.120255
		BlendBones 1 "Bip01 Head_Bone"
		BlendOffsets 1 \
			0.000000 1.000000 -0.000001 0.000000 \
			0.997682 0.000000 -0.068049 0.000000 \
			-0.068049 -0.000001 -0.997682 0.000000 \
			-151.666107 -0.000001 16.178461 1.000000
		DrawPart "body_9_Part"
	}
	Bone "cap_0_Part" {
		BoundingBox -11.596481 162.835510 -18.939774 11.618539 181.319611 18.058819
		BlendBones 1 "cap_Bone"
		BlendOffsets 1 \
			-1.000000 0.000000 0.000000 0.000000 \
			0.000000 -1.000000 0.000000 0.000000 \
			0.000000 0.000000 1.000000 0.000000 \
			-0.000081 162.610626 -1.170776 1.000000
		DrawPart "cap_0_Part"
	}
	Bone "body_10_Part" {
		BoundingBox -11.145782 152.748764 -7.365440 11.148487 178.690094 17.624710
		BlendBones 1 "Bip01 Head_Bone"
		BlendOffsets 1 \
			0.000000 1.000000 -0.000001 0.000000 \
			0.997682 0.000000 -0.068049 0.000000 \
			-0.068049 -0.000001 -0.997682 0.000000 \
			-151.666107 -0.000001 16.178461 1.000000
		DrawPart "body_10_Part"
	}
	Bone "gun_0_Part" {
		BoundingBox 56.375748 87.865051 -11.258575 76.319763 103.656021 7.983124
		BlendBones 1 "gun_Bone"
		BlendOffsets 1 \
			-0.596454 -0.007630 -0.802611 0.000000 \
			-0.770208 -0.275968 0.574998 0.000000 \
			-0.225882 0.961137 0.158725 0.000000 \
			111.893402 29.077915 -0.385743 1.000000
		DrawPart "gun_0_Part"
	}
	Bone "body_6_Part" {
		BoundingBox -16.523727 76.412384 -3.577385 3.356691 144.854660 11.807133
		BlendBones 3 "Bip01 Spine1_Bone" "Bip01 Spine3_Bone" "Bip01 L Thigh_Bone"
		BlendOffsets 3 \
			0.000000 1.000000 -0.000001 0.000000 \
			1.000000 0.000000 -0.000796 0.000000 \
			-0.000796 -0.000001 -1.000000 0.000000 \
			-90.184517 0.000003 3.937480 1.000000 \
			0.000000 1.000000 -0.000001 0.000000 \
			1.000000 0.000000 -0.000774 0.000000 \
			-0.000774 -0.000001 -1.000000 0.000000 \
			-124.300079 0.000004 6.228380 1.000000 \
			-0.009125 -0.999958 -0.000137 0.000000 \
			-0.999267 0.009124 -0.037192 0.000000 \
			0.037192 -0.000203 -0.999308 0.000000 \
			89.691994 -8.284698 7.193807 1.000000
		DrawPart "body_6_Part"
	}
	Bone "body_0_Part.001" {
		BoundingBox -65.398033 93.215347 -5.338692 65.397972 108.254234 6.788635
		BlendBones 4 "Bip01 L Hand_Bone" "Bip01 L Finger0_Bone" "Bip01 R Hand_Bone" "Bip01 R Finger0_Bone"
		BlendOffsets 4 \
			-0.802612 0.146994 0.578106 0.000000 \
			-0.574998 0.067220 -0.815389 0.000000 \
			-0.158718 -0.986851 0.030570 0.000000 \
			21.371317 4.128085 118.185997 1.000000 \
			-0.464807 0.146533 0.873202 0.000000 \
			-0.875927 0.067870 -0.477646 0.000000 \
			-0.129255 -0.986875 0.096806 0.000000 \
			60.762566 4.033876 101.823082 1.000000 \
			0.802611 0.147003 -0.578106 0.000000 \
			-0.574998 -0.067220 -0.815389 0.000000 \
			-0.158725 0.986849 0.030575 0.000000 \
			21.371410 -4.128018 118.185951 1.000000 \
			0.464806 0.146542 -0.873202 0.000000 \
			-0.875927 -0.067869 -0.477647 0.000000 \
			-0.129259 0.986873 0.096814 0.000000 \
			60.762577 -4.033880 101.823013 1.000000
		DrawPart "body_0_Part.001"
	}
	Bone "body_1_Part.002" {
		BoundingBox -56.660606 104.604424 -0.179184 56.660542 126.016655 13.455078
		BlendBones 4 "Bip01 L Forearm_Bone" "Bip01 L Hand_Bone" "Bip01 R Forearm_Bone" "Bip01 R Hand_Bone"
		BlendOffsets 4 \
			-0.757708 0.635410 -0.148772 0.000000 \
			-0.624923 -0.772154 -0.115106 0.000000 \
			-0.188014 0.005754 0.982150 0.000000 \
			53.537746 116.562904 0.987840 1.000000 \
			-0.802612 0.146994 0.578106 0.000000 \
			-0.574998 0.067220 -0.815389 0.000000 \
			-0.158718 -0.986851 0.030570 0.000000 \
			21.371317 4.128085 118.185997 1.000000 \
			0.757707 0.635410 0.148781 0.000000 \
			-0.624923 0.772154 -0.115107 0.000000 \
			-0.188022 -0.005760 0.982148 0.000000 \
			53.537811 -116.562881 0.987911 1.000000 \
			0.802611 0.147003 -0.578106 0.000000 \
			-0.574998 -0.067220 -0.815389 0.000000 \
			-0.158725 0.986849 0.030575 0.000000 \
			21.371410 -4.128018 118.185951 1.000000
		DrawPart "body_1_Part.002"
	}
	Bone "SK_PC0003_C052.005" {
		BoundingBox -42.459518 88.061371 -3.887062 42.462219 151.523865 15.625610
		BlendBones 10 "Bip01 Pelvis_Bone" "Bip01 Spine1_Bone" "Bip01 Spine2_Bone" "Bip01 Neck_Bone" "Bip01 L Clavicle_Bone" "Bip01 L UpperArm_Bone" "Bip01 L Forearm_Bone" "Bip01 R Clavicle_Bone" "Bip01 R UpperArm_Bone" "Bip01 R Forearm_Bone"
		BlendOffsets 10 \
			0.000000 1.000000 -0.000011 0.000000 \
			1.000000 0.000000 0.000002 0.000000 \
			0.000002 -0.000011 -1.000000 0.000000 \
			-89.969345 0.000041 3.851127 1.000000 \
			0.000000 1.000000 -0.000001 0.000000 \
			1.000000 0.000000 -0.000796 0.000000 \
			-0.000796 -0.000001 -1.000000 0.000000 \
			-90.184517 0.000003 3.937480 1.000000 \
			0.000000 1.000000 -0.000001 0.000000 \
			0.990340 0.000000 0.138663 0.000000 \
			0.138663 -0.000001 -0.990340 0.000000 \
			-107.700241 0.000003 -11.177827 1.000000 \
			0.000000 1.000000 -0.000001 0.000000 \
			0.997394 0.000000 -0.072151 0.000000 \
			-0.072151 -0.000001 -0.997394 0.000000 \
			-144.792664 0.000004 17.594748 1.000000 \
			-0.929122 0.367263 0.043018 0.000000 \
			-0.367604 -0.929982 -0.000022 0.000000 \
			0.039998 -0.015834 0.999074 0.000000 \
			45.712173 134.517975 -8.300997 1.000000 \
			-0.771874 0.635409 -0.021578 0.000000 \
			-0.635352 -0.772154 -0.010306 0.000000 \
			-0.023210 0.005754 0.999714 0.000000 \
			76.402504 116.562950 -7.868585 1.000000 \
			-0.757708 0.635410 -0.148772 0.000000 \
			-0.624923 -0.772154 -0.115106 0.000000 \
			-0.188014 0.005754 0.982150 0.000000 \
			53.537746 116.562904 0.987840 1.000000 \
			0.929122 0.367263 -0.043010 0.000000 \
			-0.367604 0.929983 -0.000022 0.000000 \
			0.039990 0.015831 0.999075 0.000000 \
			45.712254 -134.517975 -8.300961 1.000000 \
			0.771874 0.635410 0.021587 0.000000 \
			-0.635352 0.772154 -0.010307 0.000000 \
			-0.023217 -0.005760 0.999714 0.000000 \
			76.402542 -116.562874 -7.868532 1.000000 \
			0.757707 0.635410 0.148781 0.000000 \
			-0.624923 0.772154 -0.115107 0.000000 \
			-0.188022 -0.005760 0.982148 0.000000 \
			53.537811 -116.562881 0.987911 1.000000
		DrawPart "SK_PC0003_C052.005"
		DrawPart "SK_PC0003_C052.005_1"
		DrawPart "SK_PC0003_C052.005_2"
		DrawPart "SK_PC0003_C052.005_3"
		DrawPart "SK_PC0003_C052.005_4"
		DrawPart "SK_PC0003_C052.005_5"
		DrawPart "SK_PC0003_C052.005_6"
	}
	Bone "SK_PC0003_C052.008" {
		BoundingBox -28.590229 43.959469 -11.977478 28.590166 105.002579 32.071884
		BlendBones 5 "Bip01 Spine1_Bone" "Bip01 L Thigh_Bone" "Bip01 L Calf_Bone" "Bip01 R Thigh_Bone" "Bip01 R Calf_Bone"
		BlendOffsets 5 \
			0.000000 1.000000 -0.000001 0.000000 \
			1.000000 0.000000 -0.000796 0.000000 \
			-0.000796 -0.000001 -1.000000 0.000000 \
			-90.184517 0.000003 3.937480 1.000000 \
			-0.009125 -0.999958 -0.000137 0.000000 \
			-0.999267 0.009124 -0.037192 0.000000 \
			0.037192 -0.000203 -0.999308 0.000000 \
			89.691994 -8.284698 7.193807 1.000000 \
			-0.009117 -0.999958 -0.000411 0.000000 \
			-0.997699 0.009124 -0.067186 0.000000 \
			0.067187 -0.000203 -0.997741 0.000000 \
			57.042896 -8.284707 8.910961 1.000000 \
			0.009126 -0.999958 0.000128 0.000000 \
			-0.999266 -0.009124 -0.037192 0.000000 \
			0.037191 0.000212 -0.999308 0.000000 \
			89.691971 8.284649 7.193801 1.000000 \
			0.009118 -0.999958 0.000402 0.000000 \
			-0.997699 -0.009124 -0.067186 0.000000 \
			0.067187 0.000212 -0.997741 0.000000 \
			57.042877 8.284657 8.910975 1.000000
		DrawPart "SK_PC0003_C052.008"
	}
	Bone "SK_PC0003_C052.006" {
		BoundingBox -19.103481 85.072395 -4.959885 25.189205 170.417175 19.629341
		BlendBones 4 "Bip01 Pelvis_Bone" "Bip01 Spine1_Bone" "Bip01 Spine2_Bone" "Bip01 R Clavicle_Bone"
		BlendOffsets 4 \
			0.000000 1.000000 -0.000011 0.000000 \
			1.000000 0.000000 0.000002 0.000000 \
			0.000002 -0.000011 -1.000000 0.000000 \
			-89.969345 0.000041 3.851127 1.000000 \
			0.000000 1.000000 -0.000001 0.000000 \
			1.000000 0.000000 -0.000796 0.000000 \
			-0.000796 -0.000001 -1.000000 0.000000 \
			-90.184517 0.000003 3.937480 1.000000 \
			0.000000 1.000000 -0.000001 0.000000 \
			0.990340 0.000000 0.138663 0.000000 \
			0.138663 -0.000001 -0.990340 0.000000 \
			-107.700241 0.000003 -11.177827 1.000000 \
			0.929122 0.367263 -0.043010 0.000000 \
			-0.367604 0.929983 -0.000022 0.000000 \
			0.039990 0.015831 0.999075 0.000000 \
			45.712254 -134.517975 -8.300961 1.000000
		DrawPart "SK_PC0003_C052.006"
	}
	Bone "SK_PC0003_C052.007" {
		BoundingBox -30.257530 124.827698 1.582123 -16.294231 145.133926 14.442184
		BlendBones 1 "Bip01 L UpperArm_Bone"
		BlendOffsets 1 \
			-0.771874 0.635409 -0.021578 0.000000 \
			-0.635352 -0.772154 -0.010306 0.000000 \
			-0.023210 0.005754 0.999714 0.000000 \
			76.402504 116.562950 -7.868585 1.000000
		DrawPart "SK_PC0003_C052.007"
	}
	Part "body_3_split_2_Part" {
		BoundingBox -16.335705 0.114716 -12.923111 16.338409 104.167549 17.232079
		Mesh "mesh-0-0000" {
			SetMaterial "00005_junpei_64_t03.tm2"
			BlendSubset 5 0 1 5 6 7
			DrawArrays "arrays-0-0000" TRIANGLES 39 1 0 1 2 3 4 5 6 7 8 9 10 11 12 13 14 15 16 17 18 19 20 21 22 23 24 25 26 27 28 29 30 31 32 33 34 35 36 37 38
			DrawArrays "arrays-0-0000" TRIANGLES 33 1 39 40 41 42 43 44 45 46 47 48 49 50 51 52 53 54 55 56 57 58 59 60 61 62 63 64 65 66 67 68 69 70 71
			DrawArrays "arrays-0-0000" TRIANGLES 27 2 72 73 74 75 76 77 78 79 80 81 82 83 84 85 86 87 88 89 90 91 92 93 94 95 96 97 98 99 100 101 102 103 104 105 106 107 108 109 110 111 112 113 114 115 116 117 118 119 120 121 122 123 124 125
			DrawArrays "arrays-0-0000" TRIANGLES 21 1 126 127 128 129 130 131 132 133 134 135 136 137 138 139 140 141 142 143 144 145 146
			DrawArrays "arrays-0-0000" TRIANGLES 18 1 147 148 149 150 151 152 153 154 155 156 157 158 159 160 161 162 163 164
			DrawArrays "arrays-0-0000" TRIANGLES 15 5 165 166 167 168 169 170 171 172 173 174 175 176 177 178 179 180 181 182 183 184 185 186 187 188 189 190 191 192 193 194 195 196 197 198 199 200 201 202 203 204 205 206 207 208 209 210 211 212 213 214 215 216 217 218 219 220 221 222 223 224 225 226 227 228 229 230 231 232 233 234 235 236 237 238 239
			DrawArrays "arrays-0-0000" TRIANGLES 12 1 240 241 242 243 244 245 246 247 248 249 250 251
			DrawArrays "arrays-0-0000" TRIANGLES 9 2 252 253 254 255 256 257 258 259 260 261 262 263 264 265 266 267 268 269
			DrawArrays "arrays-0-0000" TRIANGLES 6 5 270 271 272 273 274 275 276 277 278 279 280 281 282 283 284 285 286 287 288 289 290 291 292 293 294 295 296 297 298 299
			DrawArrays "arrays-0-0000" TRIANGLES 27 1 300 301 302 303 304 305 306 307 308 309 310 311 312 313 314 315 316 317 318 319 320 321 322 323 324 325 326
		}
		Arrays "arrays-0-0000" VERTEX|NORMAL|COLOR|TEXCOORD|WEIGHT5 327 1 0 {
			1.462660 56.543026 4.587692 -0.998566 -0.005554 -0.053101 0xffffffff 0.891428 0.435552 0.000000 0.000000 0.000000 1.000000 0.000000
			4.352095 56.089565 11.704826 -0.453888 0.100555 0.885376 0xffffffff 0.816472 0.439644 0.000000 0.000000 0.000000 1.000000 0.000000
			4.200018 59.617718 11.348141 -0.660675 0.036377 0.749786 0xffffffff 0.805187 0.389268 0.000000 0.000000 1.000000 0.000000 0.000000
			4.352095 56.089565 11.704826 -0.453888 0.100555 0.885376 0xffffffff 0.816472 0.439644 0.000000 0.000000 0.000000 1.000000 0.000000
			11.245263 59.628777 11.348141 0.557281 0.033936 0.829620 0xffffffff 0.757593 0.406543 0.000000 0.000000 1.000000 0.000000 0.000000
			4.200018 59.617718 11.348141 -0.660675 0.036377 0.749786 0xffffffff 0.805187 0.389268 0.000000 0.000000 1.000000 0.000000 0.000000
			4.200018 59.617718 11.348141 -0.660675 0.036377 0.749786 0xffffffff 0.805187 0.389268 0.000000 0.000000 1.000000 0.000000 0.000000
			11.245263 59.628777 11.348141 0.557281 0.033936 0.829620 0xffffffff 0.757593 0.406543 0.000000 0.000000 1.000000 0.000000 0.000000
			9.572433 86.739693 11.837547 0.261932 -0.178070 0.948517 0xffffffff 0.774716 0.131696 0.101563 0.000000 0.898438 0.000000 0.000000
			11.245263 59.628777 11.348141 0.557281 0.033936 0.829620 0xffffffff 0.757593 0.406543 0.000000 0.000000 1.000000 0.000000 0.000000
			16.338409 89.208847 5.021797 0.999512 -0.015594 -0.026886 0xffffffff 0.651877 0.131530 0.203125 0.000000 0.796875 0.000000 0.000000
			9.572433 86.739693 11.837547 0.261932 -0.178070 0.948517 0xffffffff 0.774716 0.131696 0.101563 0.000000 0.898438 0.000000 0.000000
			9.572433 86.739693 11.837547 0.261932 -0.178070 0.948517 0xffffffff 0.774716 0.131696 0.101563 0.000000 0.898438 0.000000 0.000000
			16.338409 89.208847 5.021797 0.999512 -0.015594 -0.026886 0xffffffff 0.651877 0.131530 0.203125 0.000000 0.796875 0.000000 0.000000
			16.028728 93.826416 3.868790 0.985870 0.096619 -0.136871 0xffffffff 0.697576 0.053142 1.000000 0.000000 0.000000 0.000000 0.000000
			16.338409 89.208847 5.021797 0.999512 -0.015594 -0.026886 0xffffffff 0.651877 0.131530 0.203125 0.000000 0.796875 0.000000 0.000000
			9.478422 88.357224 -3.353416 0.560608 -0.088654 -0.823334 0xffffffff 0.609379 0.125233 0.000000 0.000000 1.000000 0.000000 0.000000
			16.028728 93.826416 3.868790 0.985870 0.096619 -0.136871 0xffffffff 0.697576 0.053142 1.000000 0.000000 0.000000 0.000000 0.000000
			16.028728 93.826416 3.868790 0.985870 0.096619 -0.136871 0xffffffff 0.697576 0.053142 1.000000 0.000000 0.000000 0.000000 0.000000
			9.478422 88.357224 -3.353416 0.560608 -0.088654 -0.823334 0xffffffff 0.609379 0.125233 0.000000 0.000000 1.000000 0.000000 0.000000
			9.306992 93.060509 -3.723930 0.497467 -0.136993 -0.856598 0xffffffff 0.635224 0.052568 1.000000 0.000000 0.000000 0.000000 0.000000
			9.478422 88.357224 -3.353416 0.560608 -0.088654 -0.823334 0xffffffff 0.609379 0.125233 0.000000 0.000000 1.000000 0.000000 0.000000
			2.350227 87.671501 -4.514717 -0.075989 -0.483643 -0.871948 0xffffffff 0.573599 0.123587 0.398438 0.000000 0.601563 0.000000 0.000000
			9.306992 93.060509 -3.723930 0.497467 -0.136993 -0.856598 0xffffffff 0.635224 0.052568 1.000000 0.000000 0.000000 0.000000 0.000000
			9.306992 93.060509 -3.723930 0.497467 -0.136993 -0.856598 0xffffffff 0.635224 0.052568 1.000000 0.000000 0.000000 0.000000 0.000000
			2.350227 87.671501 -4.514717 -0.075989 -0.483643 -0.871948 0xffffffff 0.573599 0.123587 0.398438 0.000000 0.601563 0.000000 0.000000
			0.002735 89.568298 -6.773735 0.000000 -0.487335 -0.873230 0xffffffff 0.514614 0.124508 1.000000 0.000000 0.000000 0.000000 0.000000
			2.350227 87.671501 -4.514717 -0.075989 -0.483643 -0.871948 0xffffffff 0.573599 0.123587 0.398438 0.000000 0.601563 0.000000 0.000000
			0.002735 87.137856 -4.464951 0.000000 -0.947388 -0.320068 0xffffffff 0.512976 0.150179 0.601563 0.203125 0.195313 0.000000 0.000000
			0.002735 89.568298 -6.773735 0.000000 -0.487335 -0.873230 0xffffffff 0.514614 0.124508 1.000000 0.000000 0.000000 0.000000 0.000000
			0.002735 89.568298 -6.773735 0.000000 -0.487335 -0.873230 0xffffffff 0.514614 0.124508 1.000000 0.000000 0.000000 0.000000 0.000000
			0.002735 87.137856 -4.464951 0.000000 -0.947388 -0.320068 0xffffffff 0.512976 0.150179 0.601563 0.203125 0.195313 0.000000 0.000000
			-2.347523 87.671501 -4.514717 0.075989 -0.483643 -0.871948 0xffffffff 0.573599 0.123587 0.398438 0.601563 0.000000 0.000000 0.000000
			0.002735 87.137856 -4.464951 0.000000 -0.947388 -0.320068 0xffffffff 0.512976 0.150179 0.601563 0.203125 0.195313 0.000000 0.000000
			-1.042439 86.377480 4.905670 0.562866 -0.789825 0.243561 0xffffffff 0.514326 0.174718 0.398438 0.601563 0.000000 0.000000 0.000000
			-2.347523 87.671501 -4.514717 0.075989 -0.483643 -0.871948 0xffffffff 0.573599 0.123587 0.398438 0.601563 0.000000 0.000000 0.000000
			-2.347523 87.671501 -4.514717 0.075989 -0.483643 -0.871948 0xffffffff 0.573599 0.123587 0.398438 0.601563 0.000000 0.000000 0.000000
			-1.042439 86.377480 4.905670 0.562866 -0.789825 0.243561 0xffffffff 0.514326 0.174718 0.398438 0.601563 0.000000 0.000000 0.000000
			-1.390831 59.783619 4.255890 0.916412 -0.092957 -0.389313 0xffffffff 0.512339 0.411225 0.000000 1.000000 0.000000 0.000000 0.000000
			4.352095 56.089565 11.704826 -0.453888 0.100555 0.885376 0xffffffff 0.816472 0.439644 0.000000 0.000000 0.000000 1.000000 0.000000
			10.777976 55.984497 11.917732 0.405518 0.096588 0.908966 0xffffffff 0.759716 0.436095 0.000000 0.000000 0.000000 1.000000 0.000000
			11.245263 59.628777 11.348141 0.557281 0.033936 0.829620 0xffffffff 0.757593 0.406543 0.000000 0.000000 1.000000 0.000000 0.000000
			10.777976 55.984497 11.917732 0.405518 0.096588 0.908966 0xffffffff 0.759716 0.436095 0.000000 0.000000 0.000000 1.000000 0.000000
			14.024097 56.169750 5.776642 0.998840 -0.005829 0.047546 0xffffffff 0.702187 0.442317 0.000000 0.000000 0.000000 1.000000 0.000000
			11.245263 59.628777 11.348141 0.557281 0.033936 0.829620 0xffffffff 0.757593 0.406543 0.000000 0.000000 1.000000 0.000000 0.000000
			11.245263 59.628777 11.348141 0.557281 0.033936 0.829620 0xffffffff 0.757593 0.406543 0.000000 0.000000 1.000000 0.000000 0.000000
			14.024097 56.169750 5.776642 0.998840 -0.005829 0.047546 0xffffffff 0.702187 0.442317 0.000000 0.000000 0.000000 1.000000 0.000000
			14.145758 59.780853 5.198761 0.943909 -0.071869 -0.322266 0xffffffff 0.700837 0.392137 0.000000 0.000000 1.000000 0.000000 0.000000
			14.024097 56.169750 5.776642 0.998840 -0.005829 0.047546 0xffffffff 0.702187 0.442317 0.000000 0.000000 0.000000 1.000000 0.000000
			8.344769 55.254532 0.315750 0.063629 -0.072479 -0.995331 0xffffffff 0.604010 0.459652 0.000000 0.000000 0.000000 1.000000 0.000000
			14.145758 59.780853 5.198761 0.943909 -0.071869 -0.322266 0xffffffff 0.700837 0.392137 0.000000 0.000000 1.000000 0.000000 0.000000
			14.145758 59.780853 5.198761 0.943909 -0.071869 -0.322266 0xffffffff 0.700837 0.392137 0.000000 0.000000 1.000000 0.000000 0.000000
			8.344769 55.254532 0.315750 0.063629 -0.072479 -0.995331 0xffffffff 0.604010 0.459652 0.000000 0.000000 0.000000 1.000000 0.000000
			8.283937 59.941223 -0.226189 0.250244 -0.140045 -0.958008 0xffffffff 0.603236 0.390099 0.000000 0.000000 1.000000 0.000000 0.000000
			8.344769 55.254532 0.315750 0.063629 -0.072479 -0.995331 0xffffffff 0.604010 0.459652 0.000000 0.000000 0.000000 1.000000 0.000000
			1.393534 59.783619 4.255890 -0.916412 -0.092987 -0.389313 0xffffffff 0.512339 0.411225 0.000000 0.000000 1.000000 0.000000 0.000000
			8.283937 59.941223 -0.226189 0.250244 -0.140045 -0.958008 0xffffffff 0.603236 0.390099 0.000000 0.000000 1.000000 0.000000 0.000000
			8.283937 59.941223 -0.226189 0.250244 -0.140045 -0.958008 0xffffffff 0.603236 0.390099 0.000000 0.000000 1.000000 0.000000 0.000000
			1.393534 59.783619 4.255890 -0.916412 -0.092987 -0.389313 0xffffffff 0.512339 0.411225 0.000000 0.000000 1.000000 0.000000 0.000000
			2.350227 87.671501 -4.514717 -0.075989 -0.483643 -0.871948 0xffffffff 0.573599 0.123587 0.398438 0.000000 0.601563 0.000000 0.000000
			1.393534 59.783619 4.255890 -0.916412 -0.092987 -0.389313 0xffffffff 0.512339 0.411225 0.000000 0.000000 1.000000 0.000000 0.000000
			1.042377 86.377480 4.905670 -0.562866 -0.789825 0.243622 0xffffffff 0.514326 0.174718 0.398438 0.000000 0.601563 0.000000 0.000000
			2.350227 87.671501 -4.514717 -0.075989 -0.483643 -0.871948 0xffffffff 0.573599 0.123587 0.398438 0.000000 0.601563 0.000000 0.000000
			2.350227 87.671501 -4.514717 -0.075989 -0.483643 -0.871948 0xffffffff 0.573599 0.123587 0.398438 0.000000 0.601563 0.000000 0.000000
			1.042377 86.377480 4.905670 -0.562866 -0.789825 0.243622 0xffffffff 0.514326 0.174718 0.398438 0.000000 0.601563 0.000000 0.000000
			0.002735 87.137856 -4.464951 0.000000 -0.947388 -0.320068 0xffffffff 0.512976 0.150179 0.601563 0.203125 0.195313 0.000000 0.000000
			1.042377 86.377480 4.905670 -0.562866 -0.789825 0.243622 0xffffffff 0.514326 0.174718 0.398438 0.000000 0.601563 0.000000 0.000000
			0.002735 86.490845 4.195061 0.000000 -0.998810 0.048981 0xffffffff 0.508365 0.163181 0.601563 0.203125 0.195313 0.000000 0.000000
			0.002735 87.137856 -4.464951 0.000000 -0.947388 -0.320068 0xffffffff 0.512976 0.150179 0.601563 0.203125 0.195313 0.000000 0.000000
			0.002735 87.137856 -4.464951 0.000000 -0.947388 -0.320068 0xffffffff 0.512976 0.150179 0.601563 0.203125 0.195313 0.000000 0.000000
			0.002735 86.490845 4.195061 0.000000 -0.998810 0.048981 0xffffffff 0.508365 0.163181 0.601563 0.203125 0.195313 0.000000 0.000000
			-1.042439 86.377480 4.905670 0.562866 -0.789825 0.243561 0xffffffff 0.514326 0.174718 0.398438 0.601563 0.000000 0.000000 0.000000
			12.113476 5.083435 -2.866776 0.763702 0.573334 -0.296692 0xffffffff 0.582230 0.849099 0.000000 0.000000 0.000000 0.000000 1.000000
			8.021261 5.959946 -5.266800 -0.026611 0.905212 -0.424103 0xffffffff 0.608939 0.826584 0.000000 0.000000 0.000000 0.000000 1.000000
			7.822182 11.984901 2.256790 -0.010895 0.807861 -0.589264 0xffffffff 0.647267 0.906300 0.000000 0.000000 0.000000 0.500000 0.500000
			8.021261 5.959946 -5.266800 -0.026611 0.905212 -0.424103 0xffffffff 0.608939 0.826584 0.000000 0.000000 0.000000 0.000000 1.000000
			3.829508 4.784813 -2.908249 -0.806030 0.501678 -0.314087 0xffffffff 0.583215 0.849174 0.000000 0.000000 0.000000 0.000000 1.000000
			7.822182 11.984901 2.256790 -0.010895 0.807861 -0.589264 0xffffffff 0.647267 0.906300 0.000000 0.000000 0.000000 0.500000 0.500000
			7.822182 11.984901 2.256790 -0.010895 0.807861 -0.589264 0xffffffff 0.647267 0.906300 0.000000 0.000000 0.000000 0.500000 0.500000
			3.829508 4.784813 -2.908249 -0.806030 0.501678 -0.314087 0xffffffff 0.583215 0.849174 0.000000 0.000000 0.000000 0.000000 1.000000
			3.417521 10.660461 6.119507 -0.962616 0.224152 -0.152008 0xffffffff 0.619738 0.934946 0.000000 0.000000 0.000000 0.500000 0.500000
			3.829508 4.784813 -2.908249 -0.806030 0.501678 -0.314087 0xffffffff 0.583215 0.849174 0.000000 0.000000 0.000000 0.000000 1.000000
			3.647017 0.128540 3.451271 -0.844971 -0.534760 0.007019 0xffffffff 0.513401 0.896228 0.000000 0.000000 0.000000 0.000000 1.000000
			3.417521 10.660461 6.119507 -0.962616 0.224152 -0.152008 0xffffffff 0.619738 0.934946 0.000000 0.000000 0.000000 0.500000 0.500000
			3.417521 10.660461 6.119507 -0.962616 0.224152 -0.152008 0xffffffff 0.619738 0.934946 0.000000 0.000000 0.000000 0.500000 0.500000
